#                                                                                           --- full sequence ---- --- best 1 domain ---- --- domain number estimation ----
# target name                                    accession  query name           accession    E-value  score  bias   E-value  score  bias   exp reg clu  ov env dom rep inc description of target
#                            ------------------- ---------- -------------------- ---------- --------- ------ ----- --------- ------ -----   --- --- --- --- --- --- --- --- ---------------------
AAH671.003545__CM130304_690_755207_756113_pos    -          HTH_1                PF00126.33   8.6e-28   94.6   0.8   2.1e-27   93.4   0.8   1.7   1   0   0   1   1   1   1 -
AAH671.015850__CM130304_3079_3380407_3381295_pos -          HTH_1                PF00126.33   7.7e-27   91.6   2.6   7.7e-27   91.6   2.6   2.2   2   0   0   2   2   1   1 -
AAH671.029110__CM130304_5659_6189079_6189997_pos -          HTH_1                PF00126.33   1.5e-25   87.5   1.7   2.7e-25   86.6   1.7   1.5   1   0   0   1   1   1   1 -
AAH671.018430__CM130304_3576_3999375_4000248_pos -          HTH_1                PF00126.33   2.4e-25   86.8   2.8   4.5e-25   85.9   2.8   1.5   1   0   0   1   1   1   1 -
AAH671.019345__CM130304_3755_4188886_4189777_pos -          HTH_1                PF00126.33   2.8e-25   86.6   0.6   5.1e-25   85.8   0.6   1.5   1   0   0   1   1   1   1 -
AAH671.023315__CM130304_4518_4986714_4987608_pos -          HTH_1                PF00126.33     3e-25   86.5   0.9     3e-25   86.5   0.9   1.8   2   0   0   2   2   1   1 -
AAH671.000160__CM130304_30_34141_35056_pos       -          HTH_1                PF00126.33   6.4e-25   85.5   1.8   1.1e-24   84.8   1.8   1.4   1   0   0   1   1   1   1 -
AAH671.021685__CM130304_4199_4643890_4644781_pos -          HTH_1                PF00126.33   7.9e-25   85.2   0.5   1.7e-24   84.1   0.5   1.6   1   0   0   1   1   1   1 -
AAH671.011750__CM130304_2275_2507638_2508499_neg -          HTH_1                PF00126.33   1.5e-24   84.3   1.4   1.5e-24   84.3   1.4   2.3   2   0   0   2   2   1   1 -
AAH671.032315__CM130304_6283_6862684_6863602_pos -          HTH_1                PF00126.33   2.6e-24   83.5   0.0     7e-24   82.1   0.0   1.8   1   0   0   1   1   1   1 -
AAH671.013280__CM130304_2576_2831724_2832669_pos -          HTH_1                PF00126.33   7.3e-24   82.1   3.0   7.3e-24   82.1   3.0   2.5   3   0   0   3   3   1   1 -
AAH671.018365__CM130304_3563_3987475_3988354_neg -          HTH_1                PF00126.33   8.6e-24   81.8   0.5   2.2e-23   80.5   0.5   1.7   1   0   0   1   1   1   1 -
AAH671.015550__CM130304_3020_3316366_3317287_neg -          HTH_1                PF00126.33   1.1e-23   81.5   1.5   1.1e-23   81.5   1.5   1.9   2   0   0   2   2   1   1 -
AAH671.013070__CM130304_2534_2795981_2796863_pos -          HTH_1                PF00126.33   1.1e-23   81.5   0.6   3.6e-23   79.8   0.6   1.9   1   0   0   1   1   1   1 -
AAH671.017190__CM130304_3333_3667364_3668303_neg -          HTH_1                PF00126.33   1.6e-23   81.0   2.7   3.5e-23   79.9   2.7   1.6   1   0   0   1   1   1   1 -
AAH671.002440__CM130304_473_514764_515679_pos    -          HTH_1                PF00126.33   1.7e-23   80.9   2.8   4.8e-23   79.4   2.8   1.8   1   0   0   1   1   1   1 -
AAH671.023325__CM130304_4520_4988158_4989070_neg -          HTH_1                PF00126.33   2.3e-23   80.5   0.4   6.1e-23   79.1   0.4   1.7   1   0   0   1   1   1   1 -
AAH671.026170__CM130304_5077_5560283_5561171_pos -          HTH_1                PF00126.33   2.4e-23   80.4   0.5   4.6e-23   79.5   0.5   1.5   1   0   0   1   1   1   1 -
AAH671.002040__CM130304_394_430951_431869_pos    -          HTH_1                PF00126.33   2.9e-23   80.2   3.2   5.9e-23   79.2   3.2   1.6   1   0   0   1   1   1   1 -
AAH671.028840__CM130304_5605_6123886_6124777_neg -          HTH_1                PF00126.33   3.4e-23   79.9   2.0   6.8e-23   79.0   2.0   1.5   1   0   0   1   1   1   1 -
AAH671.030540__CM130304_5931_6479841_6480720_pos -          HTH_1                PF00126.33   4.3e-23   79.6   1.0   4.3e-23   79.6   1.0   2.4   3   0   0   3   3   1   1 -
AAH671.007990__CM130304_1548_1734136_1735051_neg -          HTH_1                PF00126.33   4.8e-23   79.4   1.6   1.3e-22   78.1   1.6   1.8   1   0   0   1   1   1   1 -
AAH671.004135__CM130304_806_900776_901679_neg    -          HTH_1                PF00126.33   7.3e-23   78.9   4.9   1.3e-22   78.0   4.9   1.5   1   0   0   1   1   1   1 -
AAH671.014185__CM130304_2756_3018045_3018960_neg -          HTH_1                PF00126.33   7.6e-23   78.8   2.4   1.4e-22   78.0   2.4   1.5   1   0   0   1   1   1   1 -
AAH671.011825__CM130304_2289_2524077_2524986_neg -          HTH_1                PF00126.33   7.8e-23   78.8   2.7   2.6e-22   77.1   2.7   2.0   1   0   0   1   1   1   1 -
AAH671.011300__CM130304_2186_2411155_2412043_neg -          HTH_1                PF00126.33   1.4e-22   77.9   0.5   1.4e-22   77.9   0.5   2.0   2   0   0   2   2   1   1 -
AAH671.033045__CM130304_6422_7021446_7022403_pos -          HTH_1                PF00126.33   1.6e-22   77.8   0.7   2.8e-22   77.0   0.7   1.4   1   0   0   1   1   1   1 -
AAH671.032650__CM130304_6349_6937045_6937954_pos -          HTH_1                PF00126.33   1.6e-22   77.7   2.0   3.7e-22   76.6   2.0   1.6   1   0   0   1   1   1   1 -
AAH671.008220__CM130304_1594_1785295_1786225_neg -          HTH_1                PF00126.33   2.6e-22   77.1   0.8   4.7e-22   76.3   0.8   1.5   1   0   0   1   1   1   1 -
AAH671.018090__CM130304_3510_3912698_3913622_neg -          HTH_1                PF00126.33   3.1e-22   76.9   4.3   3.1e-22   76.9   4.3   1.9   2   0   0   2   2   1   1 -
AAH671.014830__CM130304_2880_3155761_3156649_neg -          HTH_1                PF00126.33   4.6e-22   76.3   1.8   4.6e-22   76.3   1.8   2.3   2   0   0   2   2   2   1 -
AAH671.016230__CM130304_3152_3450761_3451664_pos -          HTH_1                PF00126.33   5.4e-22   76.1   0.1   1.4e-21   74.7   0.1   1.8   1   0   0   1   1   1   1 -
AAH671.014795__CM130304_2873_3148263_3149127_pos -          HTH_1                PF00126.33   5.9e-22   76.0   2.0   1.5e-21   74.6   2.0   1.8   1   0   0   1   1   1   1 -
AAH671.021845__CM130304_4229_4674960_4675815_pos -          HTH_1                PF00126.33   6.5e-22   75.8   3.2   1.2e-21   74.9   3.2   1.5   1   0   0   1   1   1   1 -
AAH671.008865__CM130304_1721_1926623_1927568_pos -          HTH_1                PF00126.33   7.4e-22   75.7   5.0   1.2e-21   75.0   5.0   1.4   1   0   0   1   1   1   1 -
AAH671.015860__CM130304_3081_3382827_3383730_pos -          HTH_1                PF00126.33   7.6e-22   75.6   3.1   7.6e-22   75.6   3.1   1.9   2   0   0   2   2   1   1 -
AAH671.022005__CM130304_4260_4704608_4705502_neg -          HTH_1                PF00126.33   9.8e-22   75.3   4.3   1.1e-21   75.0   1.6   2.4   3   0   0   3   3   1   1 -
AAH671.012190__CM130304_2361_2604819_2605740_neg -          HTH_1                PF00126.33     1e-21   75.2   2.0   1.3e-21   74.8   0.4   2.1   3   0   0   3   3   1   1 -
AAH671.014655__CM130304_2845_3120477_3121383_neg -          HTH_1                PF00126.33   1.1e-21   75.1   2.2   3.4e-21   73.5   2.2   1.9   1   0   0   1   1   1   1 -
AAH671.018620__CM130304_3614_4050094_4051009_pos -          HTH_1                PF00126.33   1.2e-21   75.0   1.7   2.1e-21   74.2   1.7   1.5   1   0   0   1   1   1   1 -
AAH671.022015__CM130304_4262_4706212_4707103_neg -          HTH_1                PF00126.33   1.2e-21   75.0   0.6   2.6e-21   73.9   0.6   1.6   1   0   0   1   1   1   1 -
AAH671.001300__CM130304_251_269564_270500_neg    -          HTH_1                PF00126.33   1.2e-21   75.0   0.2   4.1e-21   73.3   0.2   2.0   1   0   0   1   1   1   1 -
AAH671.032500__CM130304_6319_6904753_6905671_neg -          HTH_1                PF00126.33   1.4e-21   74.8   1.2   1.4e-21   74.8   1.2   1.8   2   0   0   2   2   1   1 -
AAH671.008390__CM130304_1628_1822892_1823777_neg -          HTH_1                PF00126.33   1.4e-21   74.7   4.9   4.4e-21   73.2   4.1   2.1   2   0   0   2   2   1   1 -
AAH671.026350__CM130304_5113_5596746_5597655_pos -          HTH_1                PF00126.33   1.4e-21   74.7   1.8   1.4e-21   74.7   1.8   1.9   2   0   0   2   2   1   1 -
AAH671.023400__CM130304_4531_4998774_4999695_neg -          HTH_1                PF00126.33   1.6e-21   74.6   1.4   2.7e-21   73.8   1.4   1.4   1   0   0   1   1   1   1 -
AAH671.012260__CM130304_2375_2622601_2623474_pos -          HTH_1                PF00126.33   1.8e-21   74.4   2.7   2.4e-21   74.0   1.9   1.7   2   0   0   2   2   1   1 -
AAH671.025360__CM130304_4915_5378942_5379836_pos -          HTH_1                PF00126.33   1.9e-21   74.3   1.8   1.9e-21   74.3   1.8   1.9   2   0   0   2   2   1   1 -
AAH671.027105__CM130304_5261_5767399_5768335_pos -          HTH_1                PF00126.33     2e-21   74.3   0.4   3.9e-21   73.3   0.4   1.5   1   0   0   1   1   1   1 -
AAH671.011185__CM130304_2164_2386264_2387179_neg -          HTH_1                PF00126.33   2.1e-21   74.2   0.1     5e-21   73.0   0.1   1.7   1   0   0   1   1   1   1 -
AAH671.027495__CM130304_5338_5840634_5841531_pos -          HTH_1                PF00126.33   2.3e-21   74.0   2.4   4.2e-21   73.2   2.4   1.4   1   0   0   1   1   1   1 -
AAH671.010870__CM130304_2104_2318711_2319614_neg -          HTH_1                PF00126.33     3e-21   73.7   0.3   8.3e-21   72.3   0.3   1.8   1   0   0   1   1   1   1 -
AAH671.027750__CM130304_5389_5895032_5895986_pos -          HTH_1                PF00126.33   3.1e-21   73.7   3.8   5.4e-21   72.9   3.8   1.4   1   0   0   1   1   1   1 -
AAH671.032355__CM130304_6291_6872419_6873352_pos -          HTH_1                PF00126.33   3.5e-21   73.5   1.3   5.6e-21   72.8   1.3   1.3   1   0   0   1   1   1   1 -
AAH671.030945__CM130304_6012_6561414_6562323_neg -          HTH_1                PF00126.33   6.3e-21   72.7   4.7   9.8e-21   72.0   3.4   2.0   3   0   0   3   3   1   1 -
AAH671.029390__CM130304_5713_6250573_6251428_pos -          HTH_1                PF00126.33   6.7e-21   72.6   4.1   1.2e-20   71.8   3.1   1.9   2   0   0   2   2   1   1 -
AAH671.000190__CM130304_36_38719_39607_pos       -          HTH_1                PF00126.33   7.5e-21   72.4   0.4   2.5e-20   70.8   0.4   2.0   1   0   0   1   1   1   1 -
AAH671.003745__CM130304_730_809388_810273_pos    -          HTH_1                PF00126.33   8.4e-21   72.3   1.5   1.8e-20   71.2   1.5   1.6   1   0   0   1   1   1   1 -
AAH671.032200__CM130304_6260_6840738_6841659_pos -          HTH_1                PF00126.33   8.6e-21   72.2   0.0   1.7e-20   71.3   0.0   1.5   1   0   0   1   1   1   1 -
AAH671.018015__CM130304_3496_3893886_3894801_pos -          HTH_1                PF00126.33   9.6e-21   72.1   0.1   2.2e-20   71.0   0.1   1.6   1   0   0   1   1   1   1 -
AAH671.026025__CM130304_5048_5528333_5529254_neg -          HTH_1                PF00126.33   9.9e-21   72.0   1.4   2.5e-19   67.5   0.3   2.4   2   0   0   2   2   2   1 -
AAH671.022275__CM130304_4314_4760019_4760946_pos -          HTH_1                PF00126.33     1e-20   72.0   2.5   2.3e-20   70.9   2.5   1.6   1   0   0   1   1   1   1 -
AAH671.015350__CM130304_2981_3274860_3275796_neg -          HTH_1                PF00126.33   1.1e-20   72.0   0.2   2.5e-20   70.8   0.2   1.7   1   0   0   1   1   1   1 -
AAH671.010900__CM130304_2110_2325318_2326221_pos -          HTH_1                PF00126.33   1.1e-20   71.9   0.0   2.4e-20   70.8   0.0   1.6   1   0   0   1   1   1   1 -
AAH671.017470__CM130304_3388_3732090_3732984_pos -          HTH_1                PF00126.33   1.3e-20   71.7   2.2   2.8e-20   70.6   2.2   1.6   1   0   0   1   1   1   1 -
AAH671.029200__CM130304_5675_6206732_6207656_pos -          HTH_1                PF00126.33   1.4e-20   71.6   3.7   2.7e-20   70.7   3.7   1.5   1   0   0   1   1   1   1 -
AAH671.032465__CM130304_6312_6895676_6896615_neg -          HTH_1                PF00126.33   1.5e-20   71.5   4.3   5.4e-20   69.7   4.0   2.0   2   0   0   2   2   1   1 -
AAH671.021805__CM130304_4221_4665995_4666967_pos -          HTH_1                PF00126.33   1.5e-20   71.4   2.8   1.5e-20   71.4   2.8   2.5   2   0   0   2   2   2   1 -
AAH671.023850__CM130304_4618_5093066_5094020_neg -          HTH_1                PF00126.33   2.3e-20   70.9   0.6   2.3e-20   70.9   0.6   2.0   2   0   0   2   2   1   1 -
AAH671.030725__CM130304_5968_6515139_6516066_pos -          HTH_1                PF00126.33   2.5e-20   70.8   0.5   2.5e-20   70.8   0.5   1.9   2   0   0   2   2   1   1 -
AAH671.010485__CM130304_2027_2239110_2240025_pos -          HTH_1                PF00126.33   2.8e-20   70.6   1.3   2.8e-20   70.6   1.3   2.2   2   0   0   2   2   1   1 -
AAH671.001345__CM130304_260_281376_282285_pos    -          HTH_1                PF00126.33   3.7e-20   70.2   0.6   3.7e-20   70.2   0.6   2.1   2   0   0   2   2   1   1 -
AAH671.029250__CM130304_5685_6218273_6219140_neg -          HTH_1                PF00126.33   3.9e-20   70.1   0.6   1.7e-19   68.1   0.1   2.3   3   0   0   3   3   1   1 -
AAH671.011110__CM130304_2150_2374201_2375092_neg -          HTH_1                PF00126.33   4.2e-20   70.0   2.6   1.2e-19   68.6   2.6   1.8   1   0   0   1   1   1   1 -
AAH671.028260__CM130304_5489_6006924_6007818_pos -          HTH_1                PF00126.33   4.4e-20   70.0   1.2   4.4e-20   70.0   1.2   1.9   2   0   0   2   2   1   1 -
AAH671.000340__CM130304_63_72232_73153_neg       -          HTH_1                PF00126.33   5.8e-20   69.6   1.3   5.8e-20   69.6   1.3   2.2   2   0   0   2   2   1   1 -
AAH671.010805__CM130304_2091_2307229_2308141_pos -          HTH_1                PF00126.33   6.5e-20   69.4   0.5   1.1e-19   68.7   0.5   1.4   1   0   0   1   1   1   1 -
AAH671.026135__CM130304_5070_5551373_5552294_pos -          HTH_1                PF00126.33   6.7e-20   69.4   2.8   1.3e-19   68.4   2.8   1.5   1   0   0   1   1   1   1 -
AAH671.001790__CM130304_344_377588_378521_neg    -          HTH_1                PF00126.33   7.8e-20   69.2   0.1   1.3e-19   68.4   0.1   1.4   1   0   0   1   1   1   1 -
AAH671.016395__CM130304_3185_3486151_3487057_neg -          HTH_1                PF00126.33   8.1e-20   69.1   2.3   1.7e-19   68.1   2.3   1.6   1   0   0   1   1   1   1 -
AAH671.001575__CM130304_306_329336_330230_pos    -          HTH_1                PF00126.33   9.7e-20   68.9   3.1   2.1e-19   67.8   1.7   2.2   2   0   0   2   2   1   1 -
AAH671.023890__CM130304_4626_5099238_5100168_pos -          HTH_1                PF00126.33   1.1e-19   68.6   0.2   2.6e-19   67.5   0.2   1.7   1   0   0   1   1   1   1 -
AAH671.016405__CM130304_3187_3488355_3489288_pos -          HTH_1                PF00126.33   1.2e-19   68.6   0.9     3e-19   67.3   0.9   1.8   1   0   0   1   1   1   1 -
AAH671.021270__CM130304_4121_4567103_4568096_neg -          HTH_1                PF00126.33   1.8e-19   68.0   1.5   4.1e-19   66.9   1.5   1.6   1   0   0   1   1   1   1 -
AAH671.018215__CM130304_3534_3957396_3958311_neg -          HTH_1                PF00126.33   2.2e-19   67.7   0.0     5e-19   66.6   0.0   1.7   1   0   0   1   1   1   1 -
AAH671.029120__CM130304_5661_6191287_6192199_neg -          HTH_1                PF00126.33   3.4e-19   67.1   2.7     8e-19   65.9   2.7   1.7   1   0   0   1   1   1   1 -
AAH671.002585__CM130304_502_548150_549059_neg    -          HTH_1                PF00126.33   4.5e-19   66.7   2.6   1.2e-18   65.4   1.2   2.3   2   0   0   2   2   1   1 -
AAH671.020820__CM130304_4037_4492847_4493735_pos -          HTH_1                PF00126.33   5.8e-19   66.4   0.6   1.3e-18   65.2   0.6   1.7   1   0   0   1   1   1   1 -
AAH671.008385__CM130304_1627_1821966_1822920_pos -          HTH_1                PF00126.33   8.3e-19   65.9   0.1   2.1e-18   64.6   0.1   1.8   1   0   0   1   1   1   1 -
AAH671.025175__CM130304_4878_5341713_5342640_pos -          HTH_1                PF00126.33   8.7e-19   65.8   2.2   2.4e-18   64.4   2.2   1.8   1   0   0   1   1   1   1 -
AAH671.020600__CM130304_3994_4460176_4461079_pos -          HTH_1                PF00126.33   1.1e-18   65.4   0.5   9.9e-18   62.4   0.0   2.2   2   0   0   2   2   2   1 -
AAH671.008870__CM130304_1722_1927589_1928486_neg -          HTH_1                PF00126.33   1.4e-18   65.2   0.6   3.1e-18   64.0   0.6   1.7   1   0   0   1   1   1   1 -
AAH671.004195__CM130304_818_914088_914985_neg    -          HTH_1                PF00126.33   1.9e-18   64.7   1.6   2.1e-18   64.6   0.3   1.8   2   0   0   2   2   1   1 -
AAH671.021660__CM130304_4194_4636434_4637340_pos -          HTH_1                PF00126.33     2e-18   64.6   1.0   3.7e-18   63.8   1.0   1.5   1   0   0   1   1   1   1 -
AAH671.018340__CM130304_3558_3979733_3980648_pos -          HTH_1                PF00126.33   3.1e-18   64.0   0.6   5.3e-18   63.3   0.6   1.4   1   0   0   1   1   1   1 -
AAH671.011520__CM130304_2230_2461341_2462208_neg -          HTH_1                PF00126.33   3.2e-18   64.0   1.1   6.1e-18   63.1   1.1   1.5   1   0   0   1   1   1   1 -
AAH671.030785__CM130304_5980_6526198_6527137_pos -          HTH_1                PF00126.33   3.4e-18   63.9   0.8   3.4e-18   63.9   0.8   1.7   2   0   0   2   2   1   1 -
AAH671.032125__CM130304_6245_6824157_6825099_neg -          HTH_1                PF00126.33   3.8e-18   63.8   0.0   1.2e-17   62.2   0.0   1.9   1   0   0   1   1   1   1 -
AAH671.012305__CM130304_2384_2632284_2633178_pos -          HTH_1                PF00126.33   4.5e-18   63.5   0.5   9.1e-18   62.5   0.5   1.6   1   0   0   1   1   1   1 -
AAH671.016795__CM130304_3260_3567463_3568411_neg -          HTH_1                PF00126.33   4.6e-18   63.5   0.5   4.6e-18   63.5   0.5   1.8   2   0   0   2   2   1   1 -
AAH671.022225__CM130304_4304_4750658_4751648_neg -          HTH_1                PF00126.33   5.2e-18   63.3   1.8   1.2e-17   62.1   1.8   1.7   1   0   0   1   1   1   1 -
AAH671.003260__CM130304_634_690868_691825_neg    -          HTH_1                PF00126.33   6.6e-18   63.0   0.9   1.7e-17   61.7   0.9   1.7   1   0   0   1   1   1   1 -
AAH671.032600__CM130304_6339_6928485_6929403_neg -          HTH_1                PF00126.33     7e-18   62.9   0.2     2e-17   61.5   0.1   1.9   2   0   0   2   2   1   1 -
AAH671.010855__CM130304_2101_2315826_2316702_pos -          HTH_1                PF00126.33   7.5e-18   62.8   0.7   1.7e-17   61.7   0.7   1.6   1   0   0   1   1   1   1 -
AAH671.002640__CM130304_513_559488_560409_neg    -          HTH_1                PF00126.33   7.7e-18   62.8   1.3   4.2e-17   60.4   0.8   2.2   2   0   0   2   2   2   1 -
AAH671.018555__CM130304_3601_4034047_4034959_neg -          HTH_1                PF00126.33   9.4e-18   62.5   2.5     2e-17   61.5   2.5   1.6   1   0   0   1   1   1   1 -
AAH671.007895__CM130304_1530_1722023_1722878_neg -          HTH_1                PF00126.33   1.1e-17   62.2   0.3   2.7e-17   61.0   0.3   1.7   1   0   0   1   1   1   1 -
AAH671.019820__CM130304_3846_4286997_4287927_pos -          HTH_1                PF00126.33   2.3e-17   61.2   3.2     5e-17   60.2   3.2   1.6   1   0   0   1   1   1   1 -
AAH671.017790__CM130304_3452_3805410_3806331_neg -          HTH_1                PF00126.33   2.6e-17   61.1   2.8   6.6e-17   59.8   2.8   1.7   1   0   0   1   1   1   1 -
AAH671.007255__CM130304_1409_1566785_1567688_pos -          HTH_1                PF00126.33   4.4e-17   60.4   0.3   1.1e-16   59.1   0.3   1.7   1   0   0   1   1   1   1 -
AAH671.024415__CM130304_4728_5210137_5211052_pos -          HTH_1                PF00126.33   5.1e-17   60.1   1.9   1.6e-16   58.5   1.9   1.9   1   0   0   1   1   1   1 -
AAH671.026755__CM130304_5193_5687825_5688731_pos -          HTH_1                PF00126.33   1.9e-16   58.3   0.3     4e-16   57.3   0.3   1.6   1   0   0   1   1   1   1 -
AAH671.029020__CM130304_5641_6168602_6169493_pos -          HTH_1                PF00126.33   2.4e-16   58.0   0.6   4.7e-16   57.1   0.6   1.5   1   0   0   1   1   1   1 -
AAH671.018645__CM130304_3619_4055250_4056183_pos -          HTH_1                PF00126.33   4.4e-16   57.2   0.2   1.1e-15   55.8   0.0   1.9   2   0   0   2   2   1   1 -
AAH671.014265__CM130304_2772_3029698_3030673_pos -          HTH_1                PF00126.33   7.2e-16   56.5   0.0   1.2e-15   55.7   0.0   1.4   1   0   0   1   1   1   1 -
AAH671.031755__CM130304_6173_6739905_6740868_neg -          HTH_1                PF00126.33   1.7e-15   55.2   1.1   4.8e-15   53.8   0.4   2.1   2   0   0   2   2   1   1 -
AAH671.021855__CM130304_4231_4676666_4677623_pos -          HTH_1                PF00126.33   1.4e-14   52.4   0.3   2.6e-14   51.5   0.3   1.5   1   0   0   1   1   1   1 -
AAH671.030795__CM130304_5982_6527779_6528706_pos -          HTH_1                PF00126.33   1.4e-14   52.3   0.7   1.4e-14   52.3   0.7   2.0   2   0   0   2   2   1   1 -
AAH671.021785__CM130304_4217_4660775_4661708_pos -          HTH_1                PF00126.33   1.9e-14   51.9   0.0   3.8e-14   50.9   0.0   1.6   1   0   0   1   1   1   1 -
AAH671.021675__CM130304_4197_4640765_4641707_pos -          HTH_1                PF00126.33   3.3e-14   51.1   0.0   7.8e-14   49.9   0.0   1.7   1   0   0   1   1   1   1 -
AAH671.032210__CM130304_6262_6842475_6843405_pos -          HTH_1                PF00126.33     4e-14   50.9   0.3   9.6e-14   49.7   0.3   1.7   1   0   0   1   1   1   1 -
AAH671.031840__CM130304_6190_6757663_6758596_pos -          HTH_1                PF00126.33   9.9e-13   46.4   0.0   2.5e-12   45.1   0.0   1.7   1   0   0   1   1   1   1 -
AAH671.007860__CM130304_1524_1714777_1715764_pos -          HTH_1                PF00126.33   1.7e-12   45.6   0.4   4.6e-12   44.3   0.4   1.8   1   0   0   1   1   1   1 -
AAH671.010135__CM130304_1958_2172562_2173561_neg -          HTH_1                PF00126.33   4.6e-12   44.3   0.0   8.2e-12   43.5   0.0   1.5   1   0   0   1   1   1   1 -
AAH671.030745__CM130304_5972_6517706_6518465_pos -          HTH_1                PF00126.33     8e-12   43.5   0.0   1.6e-11   42.5   0.0   1.6   1   0   0   1   1   1   1 -
AAH671.017235__CM130304_3342_3678136_3679033_neg -          HTH_1                PF00126.33   9.7e-12   43.2   2.1   1.3e-11   42.9   1.0   1.8   2   0   0   2   2   1   1 -
AAH671.015460__CM130304_3002_3297766_3298444_pos -          HTH_1                PF00126.33   9.1e-05   20.9   0.7   9.1e-05   20.9   0.7   2.1   2   0   0   2   2   1   1 -
AAH671.028115__CM130304_5460_5977351_5977831_pos -          HTH_1                PF00126.33   0.00011   20.6   0.0   0.00028   19.3   0.0   1.7   1   1   0   1   1   1   1 -
AAH671.015725__CM130304_3054_3354403_3354877_pos -          HTH_1                PF00126.33   0.00024   19.6   0.1   0.00054   18.4   0.1   1.6   1   1   0   1   1   1   1 -
AAH671.029795__CM130304_5789_6334814_6335753_neg -          HTH_1                PF00126.33   0.00048   18.6   0.4    0.0015   17.0   0.0   2.0   2   0   0   2   2   1   1 -
AAH671.004820__CM130304_941_1043201_1043669_neg  -          HTH_1                PF00126.33    0.0015   17.0   0.1     0.003   16.0   0.1   1.5   1   0   0   1   1   1   1 -
AAH671.015125__CM130304_2938_3224381_3225929_neg -          HTH_1                PF00126.33    0.0015   17.0   0.1    0.0067   14.9   0.1   2.1   1   0   0   1   1   1   1 -
AAH671.019245__CM130304_3735_4167549_4167927_neg -          HTH_1                PF00126.33    0.0029   16.1   0.8     0.055   12.0   0.0   2.4   2   0   0   2   2   2   1 -
AAH671.011375__CM130304_2201_2424182_2424965_pos -          HTH_1                PF00126.33    0.0073   14.8   0.4      0.18   10.4   0.0   2.4   2   0   0   2   2   2   1 -
AAH671.014935__CM130304_2901_3185953_3186508_neg -          HTH_1                PF00126.33    0.0077   14.7   0.8     0.084   11.4   0.0   2.6   2   0   0   2   2   2   1 -
AAH671.009220__CM130304_1788_1998911_1999472_pos -          HTH_1                PF00126.33     0.013   14.0   0.2     0.033   12.7   0.2   1.8   1   1   0   1   1   1   0 -
AAH671.019295__CM130304_3745_4179334_4179616_neg -          HTH_1                PF00126.33     0.024   13.2   0.0     0.043   12.3   0.0   1.5   1   0   0   1   1   1   0 -
AAH671.010645__CM130304_2059_2276872_2278294_pos -          HTH_1                PF00126.33     0.038   12.5   0.3      0.16   10.5   0.1   2.2   2   0   0   2   2   1   0 -
AAH671.011630__CM130304_2252_2485093_2485543_pos -          HTH_1                PF00126.33     0.061   11.9   2.8      0.06   11.9   0.6   2.3   2   1   0   2   2   1   0 -
#
# Program:         hmmsearch
# Version:         3.4 (Aug 2023)
# Pipeline mode:   SEARCH
# Query file:      /home/kcw2/data/example_run/path2/synteny_search_inputs/hmm_db/hmms/PF00126.HMM
# Target file:     /home/kcw2/data/example_run/path2/synteny_search_inputs/genome_db/GCA_038627235.2/labelled_peptides.faa
# Option settings: hmmsearch --tblout /home/kcw2/data/example_run/path2/synteny_search_outputs/results_65_67/genomes/GCA_038627235.2/hmmer_outputs/hmmer_output_PF00126.txt --cpu 47 /home/kcw2/data/example_run/path2/synteny_search_inputs/hmm_db/hmms/PF00126.HMM /home/kcw2/data/example_run/path2/synteny_search_inputs/genome_db/GCA_038627235.2/labelled_peptides.faa 
# Current dir:     /home/kcw2
# Date:            Tue Feb 10 16:21:24 2026
# [ok]
