#                                                                                             --- full sequence ---- --- best 1 domain ---- --- domain number estimation ----
# target name                                      accession  query name           accession    E-value  score  bias   E-value  score  bias   exp reg clu  ov env dom rep inc description of target
#                              ------------------- ---------- -------------------- ---------- --------- ------ ----- --------- ------ -----   --- --- --- --- --- --- --- --- ---------------------
PU787.000009640__CM130967_1884_2044043_2044949_pos -          HTH_1                PF00126.33   8.6e-28   94.6   0.8   2.1e-27   93.4   0.8   1.7   1   0   0   1   1   1   1 -
PU787.000022620__CM130967_4405_4760230_4761118_pos -          HTH_1                PF00126.33   7.7e-27   91.6   2.6   7.7e-27   91.6   2.6   2.2   2   0   0   2   2   1   1 -
PU787.000014005__CM130967_2726_2998040_2998931_neg -          HTH_1                PF00126.33   1.3e-25   87.7   0.5   2.7e-25   86.7   0.5   1.6   1   0   0   1   1   1   1 -
PU787.000002080__CM130967_408_434776_435706_pos    -          HTH_1                PF00126.33   1.6e-25   87.4   1.7   2.8e-25   86.6   1.7   1.4   1   0   0   1   1   1   1 -
PU787.000025110__CM130967_4884_5351370_5352243_pos -          HTH_1                PF00126.33   2.3e-25   86.8   2.8   4.5e-25   85.9   2.8   1.5   1   0   0   1   1   1   1 -
PU787.000029865__CM130967_5786_6313297_6314191_pos -          HTH_1                PF00126.33     3e-25   86.5   0.9     3e-25   86.5   0.9   1.8   2   0   0   2   2   1   1 -
PU787.000006135__CM130967_1199_1290036_1290951_neg -          HTH_1                PF00126.33   6.3e-25   85.5   1.8   1.1e-24   84.8   1.8   1.4   1   0   0   1   1   1   1 -
PU787.000026110__CM130967_5072_5553355_5554246_pos -          HTH_1                PF00126.33   8.2e-25   85.1   0.4   8.2e-25   85.1   0.4   2.1   2   0   0   2   2   1   1 -
PU787.000018135__CM130967_3530_3838465_3839326_neg -          HTH_1                PF00126.33   1.5e-24   84.3   1.4   1.5e-24   84.3   1.4   2.3   2   0   0   2   2   1   1 -
PU787.000008830__CM130967_1726_1873761_1874706_neg -          HTH_1                PF00126.33   2.3e-24   83.7   2.0   2.3e-24   83.7   2.0   2.8   3   0   0   3   3   2   1 -
PU787.000005275__CM130967_1030_1105440_1106358_pos -          HTH_1                PF00126.33   2.6e-24   83.5   0.0     7e-24   82.1   0.0   1.8   1   0   0   1   1   1   1 -
PU787.000019665__CM130967_3828_4162547_4163492_pos -          HTH_1                PF00126.33   7.3e-24   82.1   3.0   7.3e-24   82.1   3.0   2.5   3   0   0   3   3   1   1 -
PU787.000025045__CM130967_4871_5339470_5340349_neg -          HTH_1                PF00126.33   8.5e-24   81.8   0.5   2.2e-23   80.5   0.5   1.7   1   0   0   1   1   1   1 -
PU787.000022320__CM130967_4345_4696179_4697100_neg -          HTH_1                PF00126.33   1.1e-23   81.5   1.5   1.1e-23   81.5   1.5   1.9   2   0   0   2   2   1   1 -
PU787.000019455__CM130967_3786_4126804_4127686_pos -          HTH_1                PF00126.33   1.1e-23   81.5   0.6   3.6e-23   79.8   0.6   1.9   1   0   0   1   1   1   1 -
PU787.000023860__CM130967_4641_5019371_5020310_neg -          HTH_1                PF00126.33   1.6e-23   81.0   2.7   3.5e-23   79.9   2.7   1.6   1   0   0   1   1   1   1 -
PU787.000008300__CM130967_1622_1762210_1763125_pos -          HTH_1                PF00126.33   1.7e-23   80.9   2.8   4.8e-23   79.4   2.8   1.8   1   0   0   1   1   1   1 -
PU787.000029875__CM130967_5788_6314741_6315653_neg -          HTH_1                PF00126.33   2.3e-23   80.5   0.4     6e-23   79.1   0.4   1.7   1   0   0   1   1   1   1 -
PU787.000032355__CM130967_6270_6835988_6836876_pos -          HTH_1                PF00126.33   2.4e-23   80.4   0.5   4.6e-23   79.5   0.5   1.5   1   0   0   1   1   1   1 -
PU787.000007900__CM130967_1543_1678397_1679315_pos -          HTH_1                PF00126.33   2.8e-23   80.2   3.2   5.8e-23   79.2   3.2   1.6   1   0   0   1   1   1   1 -
PU787.000001810__CM130967_354_369583_370474_neg    -          HTH_1                PF00126.33   3.4e-23   79.9   2.0   6.8e-23   79.0   2.0   1.5   1   0   0   1   1   1   1 -
PU787.000003505__CM130967_679_722699_723578_pos    -          HTH_1                PF00126.33   4.3e-23   79.6   1.0   4.3e-23   79.6   1.0   2.4   3   0   0   3   3   1   1 -
PU787.000014410__CM130967_2806_3081925_3082840_neg -          HTH_1                PF00126.33   4.8e-23   79.4   1.6   1.3e-22   78.1   1.6   1.8   1   0   0   1   1   1   1 -
PU787.000010230__CM130967_2000_2189612_2190515_neg -          HTH_1                PF00126.33   7.2e-23   78.9   4.9   1.3e-22   78.0   4.9   1.5   1   0   0   1   1   1   1 -
PU787.000017685__CM130967_3441_3741984_3742872_neg -          HTH_1                PF00126.33   7.3e-23   78.9   1.1   1.4e-22   77.9   0.5   1.8   2   0   0   2   2   1   1 -
PU787.000020570__CM130967_4008_4348892_4349807_neg -          HTH_1                PF00126.33   7.6e-23   78.8   2.4   1.4e-22   78.0   2.4   1.5   1   0   0   1   1   1   1 -
PU787.000018210__CM130967_3544_3854904_3855813_neg -          HTH_1                PF00126.33   7.8e-23   78.8   2.7   2.6e-22   77.1   2.7   2.0   1   0   0   1   1   1   1 -
PU787.000006485__CM130967_1268_1365802_1366759_neg -          HTH_1                PF00126.33   1.6e-22   77.8   0.7   2.8e-22   77.0   0.7   1.4   1   0   0   1   1   1   1 -
PU787.000005610__CM130967_1097_1179802_1180711_pos -          HTH_1                PF00126.33   1.6e-22   77.7   2.0   3.6e-22   76.6   2.0   1.6   1   0   0   1   1   1   1 -
PU787.000014640__CM130967_2852_3133084_3134014_neg -          HTH_1                PF00126.33   2.5e-22   77.1   0.8   4.6e-22   76.3   0.8   1.5   1   0   0   1   1   1   1 -
PU787.000024770__CM130967_4819_5264695_5265619_neg -          HTH_1                PF00126.33   3.1e-22   76.9   4.3   3.1e-22   76.9   4.3   1.9   2   0   0   2   2   1   1 -
PU787.000021600__CM130967_4206_4535579_4536467_neg -          HTH_1                PF00126.33   4.6e-22   76.3   1.8   4.6e-22   76.3   1.8   2.3   2   0   0   2   2   2   1 -
PU787.000023000__CM130967_4478_4830584_4831487_pos -          HTH_1                PF00126.33   5.4e-22   76.1   0.1   1.4e-21   74.7   0.1   1.8   1   0   0   1   1   1   1 -
PU787.000021565__CM130967_4199_4528081_4528945_pos -          HTH_1                PF00126.33   5.9e-22   76.0   2.0   1.5e-21   74.6   2.0   1.8   1   0   0   1   1   1   1 -
PU787.000028395__CM130967_5497_6001543_6002398_pos -          HTH_1                PF00126.33   6.5e-22   75.8   3.2   1.2e-21   74.9   3.2   1.5   1   0   0   1   1   1   1 -
PU787.000015285__CM130967_2979_3274412_3275357_pos -          HTH_1                PF00126.33   7.3e-22   75.7   5.0   1.2e-21   75.0   5.0   1.4   1   0   0   1   1   1   1 -
PU787.000022630__CM130967_4407_4762650_4763553_pos -          HTH_1                PF00126.33   7.5e-22   75.6   3.1   7.5e-22   75.6   3.1   1.9   2   0   0   2   2   1   1 -
PU787.000028555__CM130967_5528_6031191_6032085_neg -          HTH_1                PF00126.33   9.7e-22   75.3   4.3   1.1e-21   75.0   1.6   2.4   3   0   0   3   3   1   1 -
PU787.000018575__CM130967_3615_3935644_3936565_neg -          HTH_1                PF00126.33     1e-21   75.2   2.0   1.3e-21   74.8   0.4   2.1   3   0   0   3   3   1   1 -
PU787.000021425__CM130967_4172_4500296_4501202_neg -          HTH_1                PF00126.33   1.1e-21   75.1   2.2   3.4e-21   73.5   2.2   1.9   1   0   0   1   1   1   1 -
PU787.000025300__CM130967_4922_5402089_5403004_pos -          HTH_1                PF00126.33   1.2e-21   75.0   1.7   2.1e-21   74.2   1.7   1.5   1   0   0   1   1   1   1 -
PU787.000028565__CM130967_5530_6032795_6033686_neg -          HTH_1                PF00126.33   1.2e-21   75.0   0.6   2.5e-21   73.9   0.6   1.6   1   0   0   1   1   1   1 -
PU787.000007160__CM130967_1400_1517011_1517947_neg -          HTH_1                PF00126.33   1.2e-21   75.0   0.2   4.1e-21   73.3   0.2   2.0   1   0   0   1   1   1   1 -
PU787.000005460__CM130967_1067_1147510_1148428_neg -          HTH_1                PF00126.33   1.3e-21   74.8   1.2   1.3e-21   74.8   1.2   1.8   2   0   0   2   2   1   1 -
PU787.000014810__CM130967_2886_3170681_3171566_neg -          HTH_1                PF00126.33   1.4e-21   74.7   4.9   4.3e-21   73.2   4.1   2.1   2   0   0   2   2   1   1 -
PU787.000032535__CM130967_6306_6872451_6873360_pos -          HTH_1                PF00126.33   1.4e-21   74.7   1.8   1.4e-21   74.7   1.8   1.9   2   0   0   2   2   1   1 -
PU787.000029950__CM130967_5799_6325357_6326278_neg -          HTH_1                PF00126.33   1.6e-21   74.6   1.4   2.7e-21   73.8   1.4   1.4   1   0   0   1   1   1   1 -
PU787.000018645__CM130967_3628_3953425_3954298_pos -          HTH_1                PF00126.33   1.8e-21   74.4   2.7   2.4e-21   74.0   1.9   1.7   2   0   0   2   2   1   1 -
PU787.000031540__CM130967_6108_6654650_6655544_pos -          HTH_1                PF00126.33   1.9e-21   74.3   1.8   1.9e-21   74.3   1.8   1.9   2   0   0   2   2   1   1 -
PU787.000000080__CM130967_13_14672_15608_pos       -          HTH_1                PF00126.33     2e-21   74.3   0.4   3.9e-21   73.3   0.4   1.5   1   0   0   1   1   1   1 -
PU787.000017570__CM130967_3419_3717095_3718010_neg -          HTH_1                PF00126.33   2.1e-21   74.2   0.1     5e-21   73.0   0.1   1.7   1   0   0   1   1   1   1 -
PU787.000000470__CM130967_90_87905_88802_pos       -          HTH_1                PF00126.33   2.3e-21   74.0   2.4   4.2e-21   73.2   2.4   1.4   1   0   0   1   1   1   1 -
PU787.000017255__CM130967_3360_3649595_3650498_neg -          HTH_1                PF00126.33     3e-21   73.7   0.3   8.3e-21   72.3   0.3   1.8   1   0   0   1   1   1   1 -
PU787.000000720__CM130967_140_140736_141690_pos    -          HTH_1                PF00126.33   3.1e-21   73.7   3.8   5.4e-21   72.9   3.8   1.4   1   0   0   1   1   1   1 -
PU787.000005315__CM130967_1038_1115175_1116108_pos -          HTH_1                PF00126.33   3.5e-21   73.5   1.3   5.6e-21   72.8   1.3   1.3   1   0   0   1   1   1   1 -
PU787.000003905__CM130967_759_804176_805085_neg    -          HTH_1                PF00126.33   6.2e-21   72.7   4.7   9.8e-21   72.0   3.4   2.0   3   0   0   3   3   1   1 -
PU787.000002360__CM130967_463_496282_497137_pos    -          HTH_1                PF00126.33   6.7e-21   72.6   4.1   1.2e-20   71.8   3.1   1.9   2   0   0   2   2   1   1 -
PU787.000006105__CM130967_1193_1285485_1286373_neg -          HTH_1                PF00126.33   7.5e-21   72.4   0.4   2.5e-20   70.8   0.4   2.0   1   0   0   1   1   1   1 -
PU787.000009840__CM130967_1924_2098224_2099109_pos -          HTH_1                PF00126.33   8.3e-21   72.3   1.5   1.8e-20   71.2   1.5   1.6   1   0   0   1   1   1   1 -
PU787.000005160__CM130967_1007_1083494_1084415_pos -          HTH_1                PF00126.33   8.5e-21   72.2   0.0   1.7e-20   71.3   0.0   1.5   1   0   0   1   1   1   1 -
PU787.000024695__CM130967_4804_5245890_5246805_pos -          HTH_1                PF00126.33   9.6e-21   72.1   0.1   2.1e-20   71.0   0.1   1.6   1   0   0   1   1   1   1 -
PU787.000032210__CM130967_6241_6804039_6804960_neg -          HTH_1                PF00126.33   9.8e-21   72.0   1.4   2.5e-19   67.5   0.3   2.4   2   0   0   2   2   2   1 -
PU787.000028825__CM130967_5582_6086602_6087529_pos -          HTH_1                PF00126.33     1e-20   72.0   2.5   2.2e-20   70.9   2.5   1.6   1   0   0   1   1   1   1 -
PU787.000022120__CM130967_4306_4654673_4655609_neg -          HTH_1                PF00126.33     1e-20   72.0   0.2   2.5e-20   70.8   0.2   1.7   1   0   0   1   1   1   1 -
PU787.000017285__CM130967_3366_3656202_3657105_pos -          HTH_1                PF00126.33   1.1e-20   71.9   0.0   2.4e-20   70.8   0.0   1.6   1   0   0   1   1   1   1 -
PU787.000024140__CM130967_4696_5084097_5084991_pos -          HTH_1                PF00126.33   1.3e-20   71.7   2.2   2.8e-20   70.6   2.2   1.6   1   0   0   1   1   1   1 -
PU787.000002170__CM130967_425_452441_453365_pos    -          HTH_1                PF00126.33   1.4e-20   71.6   3.7   2.7e-20   70.7   3.7   1.5   1   0   0   1   1   1   1 -
PU787.000005425__CM130967_1060_1138433_1139372_neg -          HTH_1                PF00126.33   1.5e-20   71.5   4.3   5.3e-20   69.7   4.0   2.0   2   0   0   2   2   1   1 -
PU787.000028355__CM130967_5489_5992578_5993550_pos -          HTH_1                PF00126.33   1.5e-20   71.4   2.8   1.5e-20   71.4   2.8   2.5   2   0   0   2   2   2   1 -
PU787.000030400__CM130967_5885_6419648_6420602_neg -          HTH_1                PF00126.33   2.3e-20   70.9   0.6   2.3e-20   70.9   0.6   2.0   2   0   0   2   2   1   1 -
PU787.000003685__CM130967_715_757901_758828_pos    -          HTH_1                PF00126.33   2.5e-20   70.8   0.5   2.5e-20   70.8   0.5   1.9   2   0   0   2   2   1   1 -
PU787.000016870__CM130967_3283_3569995_3570910_pos -          HTH_1                PF00126.33   2.8e-20   70.6   1.3   2.8e-20   70.6   1.3   2.2   2   0   0   2   2   1   1 -
PU787.000007205__CM130967_1409_1528823_1529732_pos -          HTH_1                PF00126.33   3.7e-20   70.2   0.6   3.7e-20   70.2   0.6   2.1   2   0   0   2   2   1   1 -
PU787.000002220__CM130967_435_463982_464849_neg    -          HTH_1                PF00126.33   3.8e-20   70.1   0.6   1.7e-19   68.1   0.1   2.3   3   0   0   3   3   1   1 -
PU787.000017495__CM130967_3405_3705032_3705923_neg -          HTH_1                PF00126.33   4.2e-20   70.0   2.6   1.2e-19   68.6   2.6   1.8   1   0   0   1   1   1   1 -
PU787.000001230__CM130967_239_252628_253522_pos    -          HTH_1                PF00126.33   4.4e-20   70.0   1.2   4.4e-20   70.0   1.2   1.9   2   0   0   2   2   1   1 -
PU787.000005955__CM130967_1166_1251939_1252860_pos -          HTH_1                PF00126.33   5.7e-20   69.6   1.3   5.7e-20   69.6   1.3   2.2   2   0   0   2   2   1   1 -
PU787.000017190__CM130967_3347_3638113_3639025_pos -          HTH_1                PF00126.33   6.5e-20   69.4   0.5   1.1e-19   68.7   0.5   1.4   1   0   0   1   1   1   1 -
PU787.000032320__CM130967_6263_6827078_6827999_pos -          HTH_1                PF00126.33   6.7e-20   69.4   2.8   1.3e-19   68.4   2.8   1.5   1   0   0   1   1   1   1 -
PU787.000007650__CM130967_1493_1625034_1625967_neg -          HTH_1                PF00126.33   7.8e-20   69.2   0.1   1.3e-19   68.4   0.1   1.4   1   0   0   1   1   1   1 -
PU787.000023165__CM130967_4511_4865944_4866850_neg -          HTH_1                PF00126.33   8.1e-20   69.1   2.3   1.7e-19   68.1   2.3   1.6   1   0   0   1   1   1   1 -
PU787.000007435__CM130967_1455_1576781_1577675_pos -          HTH_1                PF00126.33   9.6e-20   68.9   3.1   2.1e-19   67.8   1.7   2.2   2   0   0   2   2   1   1 -
PU787.000030440__CM130967_5893_6425820_6426750_pos -          HTH_1                PF00126.33   1.1e-19   68.6   0.2   2.6e-19   67.5   0.2   1.7   1   0   0   1   1   1   1 -
PU787.000023175__CM130967_4513_4868148_4869081_pos -          HTH_1                PF00126.33   1.2e-19   68.6   0.9     3e-19   67.3   0.9   1.8   1   0   0   1   1   1   1 -
PU787.000025585__CM130967_4974_5461929_5462922_neg -          HTH_1                PF00126.33   1.8e-19   68.0   1.5   4.1e-19   66.9   1.5   1.6   1   0   0   1   1   1   1 -
PU787.000024895__CM130967_4842_5309391_5310306_neg -          HTH_1                PF00126.33   2.2e-19   67.7   0.0     5e-19   66.6   0.0   1.7   1   0   0   1   1   1   1 -
PU787.000002090__CM130967_410_436996_437908_neg    -          HTH_1                PF00126.33   3.4e-19   67.1   2.7     8e-19   65.9   2.7   1.7   1   0   0   1   1   1   1 -
PU787.000008445__CM130967_1651_1795596_1796505_neg -          HTH_1                PF00126.33   4.5e-19   66.7   2.6   1.2e-18   65.4   1.2   2.3   2   0   0   2   2   1   1 -
PU787.000027880__CM130967_5400_5915358_5916246_pos -          HTH_1                PF00126.33   5.8e-19   66.4   0.6   1.3e-18   65.2   0.6   1.7   1   0   0   1   1   1   1 -
PU787.000014805__CM130967_2885_3169755_3170709_pos -          HTH_1                PF00126.33   8.3e-19   65.9   0.1   2.1e-18   64.6   0.1   1.8   1   0   0   1   1   1   1 -
PU787.000031355__CM130967_6072_6617422_6618349_pos -          HTH_1                PF00126.33   8.7e-19   65.8   2.2   2.4e-18   64.4   2.2   1.8   1   0   0   1   1   1   1 -
PU787.000015290__CM130967_2980_3275378_3276275_neg -          HTH_1                PF00126.33   1.4e-18   65.2   0.6   3.1e-18   64.0   0.6   1.7   1   0   0   1   1   1   1 -
PU787.000010290__CM130967_2012_2202924_2203821_neg -          HTH_1                PF00126.33   1.9e-18   64.7   1.6   2.1e-18   64.6   0.3   1.8   2   0   0   2   2   1   1 -
PU787.000025020__CM130967_4866_5331728_5332643_pos -          HTH_1                PF00126.33   3.1e-18   64.0   0.6   5.3e-18   63.3   0.6   1.4   1   0   0   1   1   1   1 -
PU787.000017905__CM130967_3485_3792168_3793035_neg -          HTH_1                PF00126.33   3.2e-18   64.0   1.1   6.1e-18   63.1   1.1   1.5   1   0   0   1   1   1   1 -
PU787.000003745__CM130967_727_768960_769899_pos    -          HTH_1                PF00126.33   3.3e-18   63.9   0.8   3.3e-18   63.9   0.8   1.7   2   0   0   2   2   1   1 -
PU787.000005085__CM130967_992_1066913_1067855_neg  -          HTH_1                PF00126.33   3.7e-18   63.8   0.0   1.2e-17   62.2   0.0   1.9   1   0   0   1   1   1   1 -
PU787.000018690__CM130967_3637_3963108_3964002_pos -          HTH_1                PF00126.33   4.4e-18   63.5   0.5   9.1e-18   62.5   0.5   1.6   1   0   0   1   1   1   1 -
PU787.000023565__CM130967_4586_4947254_4948202_neg -          HTH_1                PF00126.33   4.6e-18   63.5   0.5   4.6e-18   63.5   0.5   1.8   2   0   0   2   2   1   1 -
PU787.000028775__CM130967_5572_6077241_6078231_neg -          HTH_1                PF00126.33   5.2e-18   63.3   1.8   1.2e-17   62.1   1.8   1.7   1   0   0   1   1   1   1 -
PU787.000009355__CM130967_1828_1979705_1980662_neg -          HTH_1                PF00126.33   6.6e-18   63.0   0.9   1.7e-17   61.7   0.9   1.7   1   0   0   1   1   1   1 -
PU787.000005560__CM130967_1087_1171242_1172160_neg -          HTH_1                PF00126.33     7e-18   62.9   0.2     2e-17   61.5   0.1   1.9   2   0   0   2   2   1   1 -
PU787.000017240__CM130967_3357_3646710_3647586_pos -          HTH_1                PF00126.33   7.4e-18   62.8   0.7   1.7e-17   61.7   0.7   1.6   1   0   0   1   1   1   1 -
PU787.000008500__CM130967_1662_1806934_1807855_neg -          HTH_1                PF00126.33   7.7e-18   62.8   1.3   4.1e-17   60.4   0.8   2.2   2   0   0   2   2   2   1 -
PU787.000025235__CM130967_4909_5386042_5386954_neg -          HTH_1                PF00126.33   9.4e-18   62.5   2.5     2e-17   61.5   2.5   1.6   1   0   0   1   1   1   1 -
PU787.000013945__CM130967_2714_2988690_2989545_neg -          HTH_1                PF00126.33   1.1e-17   62.2   0.3   2.7e-17   61.0   0.3   1.7   1   0   0   1   1   1   1 -
PU787.000026585__CM130967_5163_5651433_5652363_pos -          HTH_1                PF00126.33   2.3e-17   61.2   3.2     5e-17   60.2   3.2   1.6   1   0   0   1   1   1   1 -
PU787.000024460__CM130967_4760_5157415_5158336_neg -          HTH_1                PF00126.33   2.6e-17   61.1   2.8   6.6e-17   59.8   2.8   1.7   1   0   0   1   1   1   1 -
PU787.000013305__CM130967_2593_2833366_2834269_pos -          HTH_1                PF00126.33   4.4e-17   60.4   0.3   1.1e-16   59.1   0.3   1.7   1   0   0   1   1   1   1 -
PU787.000030965__CM130967_5995_6536719_6537634_pos -          HTH_1                PF00126.33   5.1e-17   60.1   1.9   1.6e-16   58.5   1.9   1.9   1   0   0   1   1   1   1 -
PU787.000032940__CM130967_6387_6963528_6964434_pos -          HTH_1                PF00126.33   1.9e-16   58.3   0.3     4e-16   57.3   0.3   1.6   1   0   0   1   1   1   1 -
PU787.000001990__CM130967_390_414299_415190_pos    -          HTH_1                PF00126.33   2.4e-16   58.0   0.6   4.7e-16   57.1   0.6   1.5   1   0   0   1   1   1   1 -
PU787.000025325__CM130967_4927_5407245_5408178_pos -          HTH_1                PF00126.33   4.4e-16   57.2   0.2   1.1e-15   55.8   0.0   1.9   2   0   0   2   2   1   1 -
PU787.000020650__CM130967_4024_4360545_4361520_pos -          HTH_1                PF00126.33   7.2e-16   56.5   0.0   1.2e-15   55.7   0.0   1.4   1   0   0   1   1   1   1 -
PU787.000004715__CM130967_920_982661_983624_neg    -          HTH_1                PF00126.33   1.7e-15   55.2   1.1   4.7e-15   53.8   0.4   2.1   2   0   0   2   2   1   1 -
PU787.000028405__CM130967_5499_6003249_6004206_pos -          HTH_1                PF00126.33   1.3e-14   52.4   0.3   2.6e-14   51.5   0.3   1.5   1   0   0   1   1   1   1 -
PU787.000003755__CM130967_729_770541_771468_pos    -          HTH_1                PF00126.33   1.4e-14   52.3   0.7   1.4e-14   52.3   0.7   2.0   2   0   0   2   2   1   1 -
PU787.000028335__CM130967_5485_5987358_5988291_pos -          HTH_1                PF00126.33   1.9e-14   51.9   0.0   3.8e-14   50.9   0.0   1.6   1   0   0   1   1   1   1 -
PU787.000005170__CM130967_1009_1085231_1086161_pos -          HTH_1                PF00126.33     4e-14   50.9   0.3   9.5e-14   49.7   0.3   1.7   1   0   0   1   1   1   1 -
PU787.000004800__CM130967_937_1000419_1001352_pos  -          HTH_1                PF00126.33   9.8e-13   46.4   0.0   2.5e-12   45.1   0.0   1.7   1   0   0   1   1   1   1 -
PU787.000013910__CM130967_2708_2981444_2982431_pos -          HTH_1                PF00126.33   1.7e-12   45.6   0.4   4.6e-12   44.3   0.4   1.8   1   0   0   1   1   1   1 -
PU787.000016520__CM130967_3214_3503447_3504446_neg -          HTH_1                PF00126.33   4.5e-12   44.3   0.0   8.2e-12   43.5   0.0   1.5   1   0   0   1   1   1   1 -
PU787.000003705__CM130967_719_760468_761227_pos    -          HTH_1                PF00126.33   7.9e-12   43.5   0.0   1.6e-11   42.5   0.0   1.6   1   0   0   1   1   1   1 -
PU787.000023905__CM130967_4650_5030143_5031040_neg -          HTH_1                PF00126.33   9.6e-12   43.2   2.1   1.2e-11   42.9   1.0   1.8   2   0   0   2   2   1   1 -
PU787.000022230__CM130967_4327_4677579_4678257_pos -          HTH_1                PF00126.33     9e-05   20.9   0.7     9e-05   20.9   0.7   2.1   2   0   0   2   2   1   1 -
PU787.000001085__CM130967_210_223055_223535_pos    -          HTH_1                PF00126.33   0.00011   20.6   0.0   0.00028   19.3   0.0   1.7   1   1   0   1   1   1   1 -
PU787.000022495__CM130967_4380_4734226_4734700_pos -          HTH_1                PF00126.33   0.00024   19.6   0.1   0.00054   18.4   0.1   1.6   1   1   0   1   1   1   1 -
PU787.000002765__CM130967_538_580519_581458_neg    -          HTH_1                PF00126.33   0.00048   18.6   0.4    0.0015   17.0   0.0   2.0   2   0   0   2   2   1   1 -
PU787.000010915__CM130967_2135_2332037_2332505_neg -          HTH_1                PF00126.33    0.0015   17.0   0.1     0.003   16.0   0.1   1.5   1   0   0   1   1   1   1 -
PU787.000021895__CM130967_4264_4604199_4605747_neg -          HTH_1                PF00126.33    0.0015   17.0   0.1    0.0067   14.9   0.1   2.1   1   0   0   1   1   1   1 -
PU787.000017760__CM130967_3456_3755011_3755794_pos -          HTH_1                PF00126.33    0.0072   14.8   0.4      0.18   10.4   0.0   2.4   2   0   0   2   2   2   1 -
PU787.000021705__CM130967_4227_4565771_4566326_neg -          HTH_1                PF00126.33    0.0077   14.7   0.8     0.084   11.4   0.0   2.6   2   0   0   2   2   2   1 -
PU787.000021045__CM130967_4100_4431133_4431334_pos -          HTH_1                PF00126.33     0.011   14.2   0.0     0.015   13.8   0.0   1.3   1   0   0   1   1   1   0 -
PU787.000015640__CM130967_3046_3346700_3347261_pos -          HTH_1                PF00126.33     0.013   14.0   0.2     0.033   12.7   0.2   1.8   1   1   0   1   1   1   0 -
PU787.000017030__CM130967_3315_3607756_3609178_pos -          HTH_1                PF00126.33     0.038   12.5   0.3      0.16   10.5   0.1   2.2   2   0   0   2   2   1   0 -
PU787.000018015__CM130967_3507_3815920_3816370_pos -          HTH_1                PF00126.33      0.06   11.9   2.8     0.059   11.9   0.6   2.3   2   1   0   2   2   1   0 -
#
# Program:         hmmsearch
# Version:         3.4 (Aug 2023)
# Pipeline mode:   SEARCH
# Query file:      /home/kcw2/data/example_run/path2/synteny_search_inputs/hmm_db/hmms/PF00126.HMM
# Target file:     /home/kcw2/data/example_run/path2/synteny_search_inputs/genome_db/GCA_028640045.5/labelled_peptides.faa
# Option settings: hmmsearch --tblout /home/kcw2/data/example_run/path2/synteny_search_outputs/results_65_66_67/genomes/GCA_028640045.5/hmmer_outputs/hmmer_output_PF00126.txt --cpu 47 /home/kcw2/data/example_run/path2/synteny_search_inputs/hmm_db/hmms/PF00126.HMM /home/kcw2/data/example_run/path2/synteny_search_inputs/genome_db/GCA_028640045.5/labelled_peptides.faa 
# Current dir:     /home/kcw2
# Date:            Tue Feb 10 16:21:18 2026
# [ok]
