#                                                                                           --- full sequence ---- --- best 1 domain ---- --- domain number estimation ----
# target name                                    accession  query name           accession    E-value  score  bias   E-value  score  bias   exp reg clu  ov env dom rep inc description of target
#                            ------------------- ---------- -------------------- ---------- --------- ------ ----- --------- ------ -----   --- --- --- --- --- --- --- --- ---------------------
AAH671.025175__CM130304_4878_5341713_5342640_pos -          LysR_substrate       PF03466.25   6.9e-61  203.8   2.0   1.1e-60  203.1   2.0   1.3   1   0   0   1   1   1   1 -
AAH671.001300__CM130304_251_269564_270500_neg    -          LysR_substrate       PF03466.25   8.1e-56  187.2   3.3   8.1e-56  187.2   3.3   1.4   2   0   0   2   2   1   1 -
AAH671.001575__CM130304_306_329336_330230_pos    -          LysR_substrate       PF03466.25     2e-52  176.1   3.5   2.8e-52  175.7   3.5   1.2   1   0   0   1   1   1   1 -
AAH671.026170__CM130304_5077_5560283_5561171_pos -          LysR_substrate       PF03466.25   1.4e-49  166.9   3.6   1.7e-49  166.6   3.6   1.1   1   0   0   1   1   1   1 -
AAH671.017190__CM130304_3333_3667364_3668303_neg -          LysR_substrate       PF03466.25   1.6e-49  166.7   3.3   1.6e-49  166.7   3.3   1.5   2   0   0   2   2   1   1 -
AAH671.003545__CM130304_690_755207_756113_pos    -          LysR_substrate       PF03466.25   4.1e-49  165.4   2.6   5.5e-49  164.9   2.6   1.2   1   0   0   1   1   1   1 -
AAH671.000340__CM130304_63_72232_73153_neg       -          LysR_substrate       PF03466.25     5e-49  165.1   3.9   7.3e-49  164.5   3.9   1.2   1   0   0   1   1   1   1 -
AAH671.023315__CM130304_4518_4986714_4987608_pos -          LysR_substrate       PF03466.25   1.3e-48  163.7   5.5     2e-48  163.1   5.5   1.2   1   0   0   1   1   1   1 -
AAH671.025360__CM130304_4915_5378942_5379836_pos -          LysR_substrate       PF03466.25   2.6e-48  162.7   4.4   3.8e-48  162.2   4.4   1.2   1   0   0   1   1   1   1 -
AAH671.026350__CM130304_5113_5596746_5597655_pos -          LysR_substrate       PF03466.25     4e-48  162.1   4.4   4.2e-48  162.0   1.3   1.9   2   0   0   2   2   2   1 -
AAH671.030725__CM130304_5968_6515139_6516066_pos -          LysR_substrate       PF03466.25   6.5e-48  161.4   1.2   8.2e-48  161.1   1.2   1.1   1   0   0   1   1   1   1 -
AAH671.011185__CM130304_2164_2386264_2387179_neg -          LysR_substrate       PF03466.25     3e-47  159.2   0.7     3e-47  159.2   0.7   1.4   2   0   0   2   2   1   1 -
AAH671.012260__CM130304_2375_2622601_2623474_pos -          LysR_substrate       PF03466.25   3.5e-47  159.0   0.9   3.5e-47  159.0   0.9   1.7   2   0   0   2   2   2   1 -
AAH671.018620__CM130304_3614_4050094_4051009_pos -          LysR_substrate       PF03466.25   5.5e-47  158.4   6.8   5.5e-47  158.4   6.8   1.5   2   0   0   2   2   1   1 -
AAH671.023400__CM130304_4531_4998774_4999695_neg -          LysR_substrate       PF03466.25     6e-47  158.3   2.0   7.9e-47  157.9   2.0   1.2   1   0   0   1   1   1   1 -
AAH671.015550__CM130304_3020_3316366_3317287_neg -          LysR_substrate       PF03466.25   6.6e-47  158.1   5.3   9.6e-47  157.6   5.3   1.2   1   0   0   1   1   1   1 -
AAH671.018015__CM130304_3496_3893886_3894801_pos -          LysR_substrate       PF03466.25   8.7e-47  157.7   0.2   1.3e-46  157.2   0.2   1.3   1   0   0   1   1   1   1 -
AAH671.014655__CM130304_2845_3120477_3121383_neg -          LysR_substrate       PF03466.25   9.1e-47  157.7   9.8   9.1e-47  157.7   9.8   1.6   2   0   0   2   2   1   1 -
AAH671.032200__CM130304_6260_6840738_6841659_pos -          LysR_substrate       PF03466.25   9.7e-46  154.3   0.1   1.2e-45  154.0   0.1   1.1   1   0   0   1   1   1   1 -
AAH671.018090__CM130304_3510_3912698_3913622_neg -          LysR_substrate       PF03466.25   1.6e-45  153.6   4.7     2e-45  153.3   4.7   1.1   1   0   0   1   1   1   1 -
AAH671.008870__CM130304_1722_1927589_1928486_neg -          LysR_substrate       PF03466.25   1.6e-45  153.6   2.8   2.3e-45  153.1   2.8   1.2   1   0   0   1   1   1   1 -
AAH671.014830__CM130304_2880_3155761_3156649_neg -          LysR_substrate       PF03466.25   2.5e-45  153.0   3.2   3.7e-45  152.4   3.2   1.3   1   0   0   1   1   1   1 -
AAH671.019820__CM130304_3846_4286997_4287927_pos -          LysR_substrate       PF03466.25   3.8e-45  152.4   7.9   3.8e-45  152.4   7.9   1.6   2   0   0   2   2   1   1 -
AAH671.015850__CM130304_3079_3380407_3381295_pos -          LysR_substrate       PF03466.25   5.4e-45  151.9   9.6   9.2e-45  151.1   9.6   1.4   1   0   0   1   1   1   1 -
AAH671.001790__CM130304_344_377588_378521_neg    -          LysR_substrate       PF03466.25   1.9e-44  150.1   0.4   2.7e-44  149.6   0.4   1.2   1   0   0   1   1   1   1 -
AAH671.002440__CM130304_473_514764_515679_pos    -          LysR_substrate       PF03466.25   3.7e-44  149.1   5.0   3.7e-44  149.1   5.0   1.4   2   0   0   2   2   1   1 -
AAH671.032465__CM130304_6312_6895676_6896615_neg -          LysR_substrate       PF03466.25   1.1e-43  147.6   3.3   1.1e-43  147.6   3.3   1.3   2   0   0   2   2   1   1 -
AAH671.016795__CM130304_3260_3567463_3568411_neg -          LysR_substrate       PF03466.25   1.7e-43  147.0   1.5   2.2e-43  146.6   1.5   1.1   1   0   0   1   1   1   1 -
AAH671.017470__CM130304_3388_3732090_3732984_pos -          LysR_substrate       PF03466.25   1.9e-43  146.8   1.5   2.5e-43  146.4   1.5   1.1   1   0   0   1   1   1   1 -
AAH671.018555__CM130304_3601_4034047_4034959_neg -          LysR_substrate       PF03466.25   1.9e-43  146.8   4.9   1.9e-43  146.8   4.9   1.4   2   0   0   2   2   1   1 -
AAH671.007895__CM130304_1530_1722023_1722878_neg -          LysR_substrate       PF03466.25   3.9e-43  145.8   4.1   3.9e-43  145.8   4.1   1.6   2   0   0   2   2   1   1 -
AAH671.021805__CM130304_4221_4665995_4666967_pos -          LysR_substrate       PF03466.25   1.1e-42  144.3   7.8   1.5e-42  143.9   7.8   1.2   1   0   0   1   1   1   1 -
AAH671.010805__CM130304_2091_2307229_2308141_pos -          LysR_substrate       PF03466.25   2.9e-42  143.0   1.0   4.2e-42  142.4   1.0   1.2   1   0   0   1   1   1   1 -
AAH671.026135__CM130304_5070_5551373_5552294_pos -          LysR_substrate       PF03466.25   3.1e-42  142.9   0.7   4.1e-42  142.5   0.7   1.2   1   0   0   1   1   1   1 -
AAH671.026025__CM130304_5048_5528333_5529254_neg -          LysR_substrate       PF03466.25   4.4e-42  142.4   6.5   4.4e-42  142.4   6.5   1.6   2   0   0   2   2   1   1 -
AAH671.022005__CM130304_4260_4704608_4705502_neg -          LysR_substrate       PF03466.25   7.2e-42  141.7   4.8   1.2e-41  141.0   4.8   1.3   1   0   0   1   1   1   1 -
AAH671.016405__CM130304_3187_3488355_3489288_pos -          LysR_substrate       PF03466.25   8.4e-42  141.5   4.9   1.1e-41  141.1   4.9   1.2   1   0   0   1   1   1   1 -
AAH671.011750__CM130304_2275_2507638_2508499_neg -          LysR_substrate       PF03466.25   1.5e-41  140.7   8.2     2e-41  140.2   8.2   1.2   1   0   0   1   1   1   1 -
AAH671.004135__CM130304_806_900776_901679_neg    -          LysR_substrate       PF03466.25     2e-41  140.2   1.9   3.3e-41  139.5   1.9   1.3   1   0   0   1   1   1   1 -
AAH671.018215__CM130304_3534_3957396_3958311_neg -          LysR_substrate       PF03466.25     2e-41  140.2   3.5     3e-41  139.6   3.5   1.3   1   0   0   1   1   1   1 -
AAH671.030945__CM130304_6012_6561414_6562323_neg -          LysR_substrate       PF03466.25   2.1e-41  140.2   1.2   2.7e-41  139.8   1.2   1.2   1   0   0   1   1   1   1 -
AAH671.008390__CM130304_1628_1822892_1823777_neg -          LysR_substrate       PF03466.25   6.6e-41  138.5   8.1   6.6e-41  138.5   8.1   1.7   2   0   0   2   2   2   1 -
AAH671.030540__CM130304_5931_6479841_6480720_pos -          LysR_substrate       PF03466.25   1.2e-40  137.6   6.5   1.2e-40  137.6   6.5   1.5   2   0   0   2   2   1   1 -
AAH671.032125__CM130304_6245_6824157_6825099_neg -          LysR_substrate       PF03466.25   1.3e-40  137.5   6.3   1.7e-40  137.2   6.3   1.1   1   0   0   1   1   1   1 -
AAH671.027105__CM130304_5261_5767399_5768335_pos -          LysR_substrate       PF03466.25   2.4e-40  136.7   4.2   3.4e-40  136.2   4.2   1.2   1   0   0   1   1   1   1 -
AAH671.013070__CM130304_2534_2795981_2796863_pos -          LysR_substrate       PF03466.25   2.5e-40  136.6   5.6   3.4e-40  136.2   5.6   1.2   1   0   0   1   1   1   1 -
AAH671.014265__CM130304_2772_3029698_3030673_pos -          LysR_substrate       PF03466.25   2.8e-40  136.5   0.0   3.6e-40  136.1   0.0   1.2   1   0   0   1   1   1   1 -
AAH671.010485__CM130304_2027_2239110_2240025_pos -          LysR_substrate       PF03466.25   4.1e-40  135.9   6.1   4.1e-40  135.9   6.1   1.6   2   0   0   2   2   1   1 -
AAH671.015350__CM130304_2981_3274860_3275796_neg -          LysR_substrate       PF03466.25   5.4e-40  135.5   6.4     8e-40  135.0   6.4   1.3   1   0   0   1   1   1   1 -
AAH671.027495__CM130304_5338_5840634_5841531_pos -          LysR_substrate       PF03466.25   9.1e-40  134.8   4.9   1.2e-39  134.4   4.9   1.2   1   0   0   1   1   1   1 -
AAH671.027750__CM130304_5389_5895032_5895986_pos -          LysR_substrate       PF03466.25   1.2e-39  134.4   0.0   1.6e-39  134.0   0.0   1.1   1   0   0   1   1   1   1 -
AAH671.032650__CM130304_6349_6937045_6937954_pos -          LysR_substrate       PF03466.25   2.1e-39  133.6   4.9   3.2e-39  133.0   4.9   1.3   1   0   0   1   1   1   1 -
AAH671.023325__CM130304_4520_4988158_4989070_neg -          LysR_substrate       PF03466.25   3.7e-39  132.8   6.2   4.9e-39  132.4   6.2   1.2   1   0   0   1   1   1   1 -
AAH671.010855__CM130304_2101_2315826_2316702_pos -          LysR_substrate       PF03466.25   6.4e-39  132.0   6.1   1.1e-38  131.3   6.1   1.4   1   0   0   1   1   1   1 -
AAH671.021270__CM130304_4121_4567103_4568096_neg -          LysR_substrate       PF03466.25   7.9e-39  131.7   2.4   1.3e-38  131.0   2.4   1.4   1   0   0   1   1   1   1 -
AAH671.032210__CM130304_6262_6842475_6843405_pos -          LysR_substrate       PF03466.25   2.5e-38  130.1   0.2   3.5e-38  129.6   0.2   1.2   1   0   0   1   1   1   1 -
AAH671.012305__CM130304_2384_2632284_2633178_pos -          LysR_substrate       PF03466.25   3.2e-38  129.8   2.4   4.5e-38  129.3   2.4   1.2   1   0   0   1   1   1   1 -
AAH671.018430__CM130304_3576_3999375_4000248_pos -          LysR_substrate       PF03466.25   4.8e-38  129.2   4.5   6.7e-38  128.7   4.5   1.2   1   0   0   1   1   1   1 -
AAH671.029390__CM130304_5713_6250573_6251428_pos -          LysR_substrate       PF03466.25   5.2e-38  129.1   3.2   7.2e-38  128.6   3.2   1.2   1   0   0   1   1   1   1 -
AAH671.008865__CM130304_1721_1926623_1927568_pos -          LysR_substrate       PF03466.25   7.7e-38  128.5   0.0   1.1e-37  128.0   0.0   1.2   1   0   0   1   1   1   1 -
AAH671.032355__CM130304_6291_6872419_6873352_pos -          LysR_substrate       PF03466.25   1.2e-37  127.9   0.0   1.6e-37  127.5   0.0   1.2   1   0   0   1   1   1   1 -
AAH671.029200__CM130304_5675_6206732_6207656_pos -          LysR_substrate       PF03466.25   1.3e-37  127.8   6.2   2.4e-37  126.9   6.2   1.4   1   0   0   1   1   1   1 -
AAH671.026755__CM130304_5193_5687825_5688731_pos -          LysR_substrate       PF03466.25   7.7e-37  125.2   6.0   1.2e-36  124.6   6.0   1.2   1   0   0   1   1   1   1 -
AAH671.020600__CM130304_3994_4460176_4461079_pos -          LysR_substrate       PF03466.25   1.4e-36  124.4   0.1   1.9e-36  124.0   0.1   1.1   1   0   0   1   1   1   1 -
AAH671.000160__CM130304_30_34141_35056_pos       -          LysR_substrate       PF03466.25   2.7e-36  123.5   6.3   3.8e-36  123.0   6.3   1.2   1   0   0   1   1   1   1 -
AAH671.013280__CM130304_2576_2831724_2832669_pos -          LysR_substrate       PF03466.25   6.9e-36  122.1   5.4   6.9e-36  122.1   5.4   1.9   2   1   0   2   2   2   1 -
AAH671.002640__CM130304_513_559488_560409_neg    -          LysR_substrate       PF03466.25   7.2e-36  122.1   5.7   7.2e-36  122.1   5.7   1.3   2   0   0   2   2   1   1 -
AAH671.022225__CM130304_4304_4750658_4751648_neg -          LysR_substrate       PF03466.25     8e-36  121.9   4.4   1.2e-35  121.3   4.4   1.3   1   0   0   1   1   1   1 -
AAH671.021685__CM130304_4199_4643890_4644781_pos -          LysR_substrate       PF03466.25     1e-35  121.6   0.7   1.4e-35  121.1   0.7   1.2   1   0   0   1   1   1   1 -
AAH671.003260__CM130304_634_690868_691825_neg    -          LysR_substrate       PF03466.25   1.8e-35  120.8  10.1   2.7e-35  120.2  10.1   1.3   1   0   0   1   1   1   1 -
AAH671.010900__CM130304_2110_2325318_2326221_pos -          LysR_substrate       PF03466.25   1.8e-35  120.8   4.4   2.2e-35  120.5   4.4   1.1   1   0   0   1   1   1   1 -
AAH671.029120__CM130304_5661_6191287_6192199_neg -          LysR_substrate       PF03466.25   2.1e-35  120.6   6.0   3.4e-35  119.9   6.0   1.3   1   0   0   1   1   1   1 -
AAH671.028840__CM130304_5605_6123886_6124777_neg -          LysR_substrate       PF03466.25   2.1e-35  120.6   5.2   2.7e-35  120.2   5.2   1.2   1   0   0   1   1   1   1 -
AAH671.029020__CM130304_5641_6168602_6169493_pos -          LysR_substrate       PF03466.25   2.8e-35  120.2   3.5   3.9e-35  119.7   3.5   1.1   1   0   0   1   1   1   1 -
AAH671.019345__CM130304_3755_4188886_4189777_pos -          LysR_substrate       PF03466.25   3.4e-35  119.9   3.2   4.9e-35  119.3   3.2   1.2   1   0   0   1   1   1   1 -
AAH671.033045__CM130304_6422_7021446_7022403_pos -          LysR_substrate       PF03466.25   4.1e-35  119.6   0.3   6.7e-35  118.9   0.1   1.4   2   0   0   2   2   1   1 -
AAH671.003745__CM130304_730_809388_810273_pos    -          LysR_substrate       PF03466.25   4.9e-35  119.4   7.1   4.9e-35  119.4   7.1   1.7   2   0   0   2   2   1   1 -
AAH671.018645__CM130304_3619_4055250_4056183_pos -          LysR_substrate       PF03466.25   5.7e-35  119.1   1.4   7.5e-35  118.7   1.4   1.2   1   0   0   1   1   1   1 -
AAH671.032500__CM130304_6319_6904753_6905671_neg -          LysR_substrate       PF03466.25   9.3e-35  118.4   7.1   1.2e-34  118.1   7.1   1.1   1   0   0   1   1   1   1 -
AAH671.011110__CM130304_2150_2374201_2375092_neg -          LysR_substrate       PF03466.25     1e-34  118.3   9.7   1.6e-34  117.6   9.7   1.3   1   0   0   1   1   1   1 -
AAH671.011825__CM130304_2289_2524077_2524986_neg -          LysR_substrate       PF03466.25   1.6e-34  117.7   8.3   2.2e-34  117.2   8.3   1.2   1   0   0   1   1   1   1 -
AAH671.015860__CM130304_3081_3382827_3383730_pos -          LysR_substrate       PF03466.25   2.1e-34  117.3   6.2   3.3e-34  116.7   6.2   1.2   1   0   0   1   1   1   1 -
AAH671.007990__CM130304_1548_1734136_1735051_neg -          LysR_substrate       PF03466.25   3.3e-34  116.6   8.0   3.3e-34  116.6   8.0   1.9   2   0   0   2   2   2   1 -
AAH671.022015__CM130304_4262_4706212_4707103_neg -          LysR_substrate       PF03466.25   3.6e-34  116.5   3.6   6.1e-34  115.8   3.6   1.3   1   0   0   1   1   1   1 -
AAH671.021855__CM130304_4231_4676666_4677623_pos -          LysR_substrate       PF03466.25   4.5e-34  116.2   4.2   4.5e-34  116.2   4.2   1.4   2   0   0   2   2   1   1 -
AAH671.023850__CM130304_4618_5093066_5094020_neg -          LysR_substrate       PF03466.25   5.8e-34  115.8   0.1   7.5e-34  115.5   0.1   1.1   1   0   0   1   1   1   1 -
AAH671.032315__CM130304_6283_6862684_6863602_pos -          LysR_substrate       PF03466.25   7.3e-34  115.5   0.3   9.1e-34  115.2   0.3   1.1   1   0   0   1   1   1   1 -
AAH671.002040__CM130304_394_430951_431869_pos    -          LysR_substrate       PF03466.25   9.7e-33  111.9   4.7   1.4e-32  111.3   4.7   1.2   1   0   0   1   1   1   1 -
AAH671.016395__CM130304_3185_3486151_3487057_neg -          LysR_substrate       PF03466.25   1.6e-32  111.2   7.2   3.1e-32  110.2   7.2   1.4   1   0   0   1   1   1   1 -
AAH671.014185__CM130304_2756_3018045_3018960_neg -          LysR_substrate       PF03466.25   6.5e-32  109.2   1.7     1e-31  108.5   1.7   1.2   1   0   0   1   1   1   1 -
AAH671.018365__CM130304_3563_3987475_3988354_neg -          LysR_substrate       PF03466.25   1.5e-31  107.9   4.0     2e-31  107.6   4.0   1.1   1   0   0   1   1   1   1 -
AAH671.028260__CM130304_5489_6006924_6007818_pos -          LysR_substrate       PF03466.25   8.1e-31  105.6   5.4   8.6e-31  105.5   4.6   1.4   2   0   0   2   2   1   1 -
AAH671.002585__CM130304_502_548150_549059_neg    -          LysR_substrate       PF03466.25   2.3e-30  104.1   7.7   2.3e-30  104.1   7.7   1.5   2   0   0   2   2   1   1 -
AAH671.010870__CM130304_2104_2318711_2319614_neg -          LysR_substrate       PF03466.25   1.1e-29  101.9   2.0   1.7e-29  101.3   2.0   1.3   1   0   0   1   1   1   1 -
AAH671.023890__CM130304_4626_5099238_5100168_pos -          LysR_substrate       PF03466.25   1.3e-29  101.7   2.3     2e-29  101.0   2.3   1.3   1   0   0   1   1   1   1 -
AAH671.031840__CM130304_6190_6757663_6758596_pos -          LysR_substrate       PF03466.25   1.7e-29  101.3   8.4   2.6e-29  100.7   8.4   1.3   1   0   0   1   1   1   1 -
AAH671.001345__CM130304_260_281376_282285_pos    -          LysR_substrate       PF03466.25   5.2e-29   99.7   0.8   5.2e-29   99.7   0.8   1.7   2   0   0   2   2   2   1 -
AAH671.030785__CM130304_5980_6526198_6527137_pos -          LysR_substrate       PF03466.25   5.3e-29   99.6   6.1   8.8e-29   98.9   6.1   1.3   1   0   0   1   1   1   1 -
AAH671.017235__CM130304_3342_3678136_3679033_neg -          LysR_substrate       PF03466.25     6e-29   99.5   6.6   9.4e-29   98.8   6.6   1.3   1   0   0   1   1   1   1 -
AAH671.016360__CM130304_3178_3480055_3480772_pos -          LysR_substrate       PF03466.25   6.1e-29   99.4   1.1   7.5e-29   99.1   1.1   1.1   1   0   0   1   1   1   1 -
AAH671.008385__CM130304_1627_1821966_1822920_pos -          LysR_substrate       PF03466.25   8.5e-29   99.0   5.4   1.3e-28   98.4   5.4   1.3   1   0   0   1   1   1   1 -
AAH671.021660__CM130304_4194_4636434_4637340_pos -          LysR_substrate       PF03466.25   1.4e-28   98.3   1.3   2.5e-28   97.4   1.3   1.4   1   0   0   1   1   1   1 -
AAH671.020820__CM130304_4037_4492847_4493735_pos -          LysR_substrate       PF03466.25   2.4e-28   97.5   1.6     4e-28   96.8   1.6   1.4   1   0   0   1   1   1   1 -
AAH671.029110__CM130304_5659_6189079_6189997_pos -          LysR_substrate       PF03466.25   2.5e-28   97.4   3.4   3.7e-28   96.9   3.4   1.2   1   0   0   1   1   1   1 -
AAH671.031755__CM130304_6173_6739905_6740868_neg -          LysR_substrate       PF03466.25   2.6e-28   97.4   1.9   3.5e-28   97.0   1.9   1.2   1   0   0   1   1   1   1 -
AAH671.004195__CM130304_818_914088_914985_neg    -          LysR_substrate       PF03466.25   3.6e-28   96.9   4.8   6.1e-28   96.2   4.8   1.3   1   0   0   1   1   1   1 -
AAH671.029250__CM130304_5685_6218273_6219140_neg -          LysR_substrate       PF03466.25   5.2e-28   96.4   3.6   7.2e-28   95.9   3.6   1.2   1   0   0   1   1   1   1 -
AAH671.030795__CM130304_5982_6527779_6528706_pos -          LysR_substrate       PF03466.25   1.1e-27   95.3   7.6   1.1e-27   95.3   7.6   2.0   2   0   0   2   2   2   1 -
AAH671.011300__CM130304_2186_2411155_2412043_neg -          LysR_substrate       PF03466.25   5.5e-26   89.8   5.1     1e-25   88.9   5.1   1.4   1   1   0   1   1   1   1 -
AAH671.032600__CM130304_6339_6928485_6929403_neg -          LysR_substrate       PF03466.25   1.5e-25   88.4   1.9   2.2e-25   87.8   1.9   1.2   1   0   0   1   1   1   1 -
AAH671.008220__CM130304_1594_1785295_1786225_neg -          LysR_substrate       PF03466.25     3e-25   87.4   0.6   4.6e-25   86.8   0.6   1.3   1   0   0   1   1   1   1 -
AAH671.014795__CM130304_2873_3148263_3149127_pos -          LysR_substrate       PF03466.25   5.3e-25   86.6   1.1   2.6e-24   84.3   1.1   2.0   1   1   0   1   1   1   1 -
AAH671.021695__CM130304_4201_4645054_4645855_pos -          LysR_substrate       PF03466.25   8.4e-25   85.9   1.1   1.1e-24   85.6   1.1   1.1   1   0   0   1   1   1   1 -
AAH671.024415__CM130304_4728_5210137_5211052_pos -          LysR_substrate       PF03466.25   1.4e-24   85.2  10.6   2.7e-24   84.2  10.6   1.4   1   0   0   1   1   1   1 -
AAH671.021845__CM130304_4229_4674960_4675815_pos -          LysR_substrate       PF03466.25   1.6e-24   85.0   0.5   2.2e-24   84.5   0.5   1.2   1   0   0   1   1   1   1 -
AAH671.019355__CM130304_3757_4190218_4190860_pos -          LysR_substrate       PF03466.25   4.9e-23   80.1   3.5   5.8e-23   79.9   3.5   1.0   1   0   0   1   1   1   1 -
AAH671.018340__CM130304_3558_3979733_3980648_pos -          LysR_substrate       PF03466.25     2e-22   78.1   0.4   3.6e-22   77.3   0.4   1.3   1   0   0   1   1   1   1 -
AAH671.022275__CM130304_4314_4760019_4760946_pos -          LysR_substrate       PF03466.25   2.8e-22   77.7   4.8   4.1e-22   77.1   4.8   1.2   1   0   0   1   1   1   1 -
AAH671.016230__CM130304_3152_3450761_3451664_pos -          LysR_substrate       PF03466.25   3.3e-22   77.4   1.4     4e-22   77.2   1.4   1.1   1   0   0   1   1   1   1 -
AAH671.011520__CM130304_2230_2461341_2462208_neg -          LysR_substrate       PF03466.25     1e-21   75.8   6.6   1.7e-21   75.1   6.6   1.3   1   0   0   1   1   1   1 -
AAH671.000190__CM130304_36_38719_39607_pos       -          LysR_substrate       PF03466.25   2.5e-21   74.6  11.9   2.5e-21   74.6  11.9   1.5   2   0   0   2   2   1   1 -
AAH671.017790__CM130304_3452_3805410_3806331_neg -          LysR_substrate       PF03466.25   5.8e-21   73.4  11.7     1e-20   72.5  11.7   1.4   1   1   0   1   1   1   1 -
AAH671.012190__CM130304_2361_2604819_2605740_neg -          LysR_substrate       PF03466.25   1.8e-19   68.5   6.2   1.8e-19   68.5   6.2   1.8   2   0   0   2   2   2   1 -
AAH671.021785__CM130304_4217_4660775_4661708_pos -          LysR_substrate       PF03466.25   5.4e-18   63.7   0.7   9.1e-18   62.9   0.7   1.4   1   0   0   1   1   1   1 -
AAH671.021675__CM130304_4197_4640765_4641707_pos -          LysR_substrate       PF03466.25     2e-15   55.3   1.0   2.7e-15   54.9   1.0   1.1   1   0   0   1   1   1   1 -
AAH671.010135__CM130304_1958_2172562_2173561_neg -          LysR_substrate       PF03466.25   2.2e-15   55.1   0.0   3.5e-15   54.5   0.0   1.3   1   0   0   1   1   1   1 -
AAH671.007255__CM130304_1409_1566785_1567688_pos -          LysR_substrate       PF03466.25   5.2e-15   53.9   2.8   7.8e-15   53.4   2.8   1.2   1   0   0   1   1   1   1 -
AAH671.007860__CM130304_1524_1714777_1715764_pos -          LysR_substrate       PF03466.25     6e-08   30.8   8.3   1.7e-07   29.4   8.3   1.8   1   1   0   1   1   1   1 -
AAH671.027510__CM130304_5341_5842710_5844066_pos -          LysR_substrate       PF03466.25   1.6e-06   26.2   0.8    0.0028   15.6   0.2   2.5   1   1   1   2   2   2   2 -
AAH671.002215__CM130304_429_468914_469856_pos    -          LysR_substrate       PF03466.25   0.00011   20.2   0.5     0.012   13.5   0.0   3.0   3   0   0   3   3   3   1 -
AAH671.028685__CM130304_5574_6089760_6090405_neg -          LysR_substrate       PF03466.25    0.0032   15.4   0.1       1.7    6.5   0.0   2.5   2   1   0   2   2   2   0 -
AAH671.019835__CM130304_3849_4290676_4291519_pos -          LysR_substrate       PF03466.25    0.0036   15.3   0.0    0.0068   14.4   0.0   1.5   1   0   0   1   1   1   1 -
AAH671.001665__CM130304_319_351383_352355_pos    -          LysR_substrate       PF03466.25    0.0036   15.3   0.1     0.012   13.6   0.0   1.8   2   0   0   2   2   1   1 -
#
# Program:         hmmsearch
# Version:         3.4 (Aug 2023)
# Pipeline mode:   SEARCH
# Query file:      /home/kcw2/data/example_run/path2/synteny_search_inputs/hmm_db/hmms/PF03466.HMM
# Target file:     /home/kcw2/data/example_run/path2/synteny_search_inputs/genome_db/GCA_038627235.2/labelled_peptides.faa
# Option settings: hmmsearch --tblout /home/kcw2/data/example_run/path2/synteny_search_outputs/results_65_66_67/genomes/GCA_038627235.2/hmmer_outputs/hmmer_output_PF03466.txt --cpu 47 /home/kcw2/data/example_run/path2/synteny_search_inputs/hmm_db/hmms/PF03466.HMM /home/kcw2/data/example_run/path2/synteny_search_inputs/genome_db/GCA_038627235.2/labelled_peptides.faa 
# Current dir:     /home/kcw2
# Date:            Tue Feb 10 16:21:19 2026
# [ok]
