#                                                                                           --- full sequence ---- --- best 1 domain ---- --- domain number estimation ----
# target name                                    accession  query name           accession    E-value  score  bias   E-value  score  bias   exp reg clu  ov env dom rep inc description of target
#                            ------------------- ---------- -------------------- ---------- --------- ------ ----- --------- ------ -----   --- --- --- --- --- --- --- --- ---------------------
ACVS39.029960__CM133331_5844_6339620_6340526_neg -          HTH_1                PF00126.33   8.7e-28   94.6   0.8   2.1e-27   93.4   0.8   1.7   1   0   0   1   1   1   1 -
ACVS39.017830__CM133331_3487_3777388_3778276_neg -          HTH_1                PF00126.33   7.7e-27   91.6   2.6   7.7e-27   91.6   2.6   2.2   2   0   0   2   2   1   1 -
ACVS39.014625__CM133331_2861_3030561_3031434_neg -          HTH_1                PF00126.33   2.4e-25   86.8   2.8   4.6e-25   85.9   2.8   1.5   1   0   0   1   1   1   1 -
ACVS39.010895__CM133331_2135_2265439_2266333_neg -          HTH_1                PF00126.33     3e-25   86.5   0.9     3e-25   86.5   0.9   1.8   2   0   0   2   2   1   1 -
ACVS39.000160__CM133331_29_34162_35077_pos       -          HTH_1                PF00126.33   6.4e-25   85.5   1.8   1.1e-24   84.8   1.8   1.4   1   0   0   1   1   1   1 -
ACVS39.021875__CM133331_4279_4638814_4639675_pos -          HTH_1                PF00126.33   1.5e-24   84.3   1.4   1.5e-24   84.3   1.4   2.3   2   0   0   2   2   1   1 -
ACVS39.007060__CM133331_1379_1471648_1472557_neg -          HTH_1                PF00126.33   1.9e-24   83.9   4.3   3.6e-24   83.1   0.3   3.0   3   0   0   3   3   3   1 -
ACVS39.001300__CM133331_251_272875_273793_neg    -          HTH_1                PF00126.33   2.8e-24   83.4   0.0     7e-24   82.1   0.0   1.7   1   0   0   1   1   1   1 -
ACVS39.014690__CM133331_2874_3042455_3043334_pos -          HTH_1                PF00126.33     9e-24   81.8   0.5   2.2e-23   80.5   0.5   1.7   1   0   0   1   1   1   1 -
ACVS39.031190__CM133331_6084_6595243_6596158_neg -          HTH_1                PF00126.33     1e-23   81.6   2.7   2.7e-23   80.2   2.7   1.8   1   0   0   1   1   1   1 -
ACVS39.018115__CM133331_3544_3840123_3841044_pos -          HTH_1                PF00126.33   1.1e-23   81.5   1.5   1.1e-23   81.5   1.5   1.9   2   0   0   2   2   1   1 -
ACVS39.020600__CM133331_4030_4367225_4368107_neg -          HTH_1                PF00126.33   1.2e-23   81.4   0.6   3.6e-23   79.8   0.6   1.9   1   0   0   1   1   1   1 -
ACVS39.020405__CM133331_3991_4329487_4330393_neg -          HTH_1                PF00126.33   1.2e-23   81.4   4.0   1.2e-23   81.4   4.0   2.2   2   0   0   2   2   1   1 -
ACVS39.014160__CM133331_2768_2924742_2925678_neg -          HTH_1                PF00126.33   1.5e-23   81.1   2.8   1.5e-23   81.1   2.8   2.4   3   0   0   3   3   1   1 -
ACVS39.016215__CM133331_3175_3421125_3422064_pos -          HTH_1                PF00126.33   1.6e-23   81.0   2.7   3.5e-23   79.9   2.7   1.6   1   0   0   1   1   1   1 -
ACVS39.010885__CM133331_2133_2263977_2264889_pos -          HTH_1                PF00126.33   2.3e-23   80.5   0.4   6.1e-23   79.1   0.4   1.7   1   0   0   1   1   1   1 -
ACVS39.008400__CM133331_1644_1740574_1741462_neg -          HTH_1                PF00126.33   2.4e-23   80.4   0.5   4.7e-23   79.5   0.5   1.5   1   0   0   1   1   1   1 -
ACVS39.003265__CM133331_636_717136_718015_neg    -          HTH_1                PF00126.33   4.3e-23   79.6   1.0   4.3e-23   79.6   1.0   2.4   3   0   0   3   3   1   1 -
ACVS39.025045__CM133331_4892_5291356_5292271_pos -          HTH_1                PF00126.33   4.8e-23   79.4   1.6   1.3e-22   78.1   1.6   1.8   1   0   0   1   1   1   1 -
ACVS39.005080__CM133331_988_1074158_1075049_pos  -          HTH_1                PF00126.33   5.4e-23   79.3   2.0   1.1e-22   78.3   2.0   1.5   1   0   0   1   1   1   1 -
ACVS39.029365__CM133331_5727_6192319_6193222_pos -          HTH_1                PF00126.33   7.3e-23   78.9   4.9   1.4e-22   78.0   4.9   1.5   1   0   0   1   1   1   1 -
ACVS39.022325__CM133331_4369_4735428_4736316_pos -          HTH_1                PF00126.33   7.3e-23   78.9   1.1   1.4e-22   77.9   0.5   1.8   2   0   0   2   2   1   1 -
ACVS39.021780__CM133331_4260_4617431_4618340_pos -          HTH_1                PF00126.33   7.6e-23   78.8   2.7   2.6e-22   77.1   2.7   2.0   1   0   0   1   1   1   1 -
ACVS39.031765__CM133331_6193_6724317_6725235_neg -          HTH_1                PF00126.33   8.9e-23   78.6   3.4   1.8e-22   77.6   3.4   1.6   1   0   0   1   1   1   1 -
ACVS39.000965__CM133331_184_198513_199422_neg    -          HTH_1                PF00126.33   1.6e-22   77.7   2.0   3.7e-22   76.6   2.0   1.6   1   0   0   1   1   1   1 -
ACVS39.019480__CM133331_3808_4140380_4141295_pos -          HTH_1                PF00126.33   2.5e-22   77.2   2.1   4.6e-22   76.3   2.1   1.5   1   0   0   1   1   1   1 -
ACVS39.024815__CM133331_4846_5240180_5241110_pos -          HTH_1                PF00126.33   2.5e-22   77.1   0.8   4.7e-22   76.3   0.8   1.5   1   0   0   1   1   1   1 -
ACVS39.014990__CM133331_2933_3124356_3125280_pos -          HTH_1                PF00126.33   3.1e-22   76.9   4.3   3.1e-22   76.9   4.3   1.9   2   0   0   2   2   1   1 -
ACVS39.018835__CM133331_3684_4002725_4003613_pos -          HTH_1                PF00126.33   4.7e-22   76.3   1.8   4.7e-22   76.3   1.8   2.3   2   0   0   2   2   2   1 -
ACVS39.017720__CM133331_3466_3744277_3745180_neg -          HTH_1                PF00126.33   5.3e-22   76.1   0.1   1.4e-21   74.7   0.1   1.8   1   0   0   1   1   1   1 -
ACVS39.018870__CM133331_3691_4010248_4011112_neg -          HTH_1                PF00126.33   6.1e-22   75.9   2.0   1.5e-21   74.6   2.0   1.8   1   0   0   1   1   1   1 -
ACVS39.024325__CM133331_4750_5131530_5132475_neg -          HTH_1                PF00126.33   7.4e-22   75.7   5.0   1.2e-21   75.0   5.0   1.4   1   0   0   1   1   1   1 -
ACVS39.017820__CM133331_3485_3774953_3775856_neg -          HTH_1                PF00126.33   7.6e-22   75.6   3.1   7.6e-22   75.6   3.1   1.9   2   0   0   2   2   1   1 -
ACVS39.012145__CM133331_2381_2541060_2541954_pos -          HTH_1                PF00126.33   9.8e-22   75.3   4.3   1.1e-21   75.0   1.6   2.4   3   0   0   3   3   1   1 -
ACVS39.019010__CM133331_3719_4037959_4038865_pos -          HTH_1                PF00126.33   1.2e-21   75.0   2.2   3.4e-21   73.5   2.2   1.9   1   0   0   1   1   1   1 -
ACVS39.001115__CM133331_214_230813_231731_pos    -          HTH_1                PF00126.33   1.2e-21   75.0   3.0   1.4e-21   74.8   1.2   2.0   2   0   0   2   2   1   1 -
ACVS39.012135__CM133331_2379_2539460_2540351_pos -          HTH_1                PF00126.33   1.2e-21   75.0   0.6   2.6e-21   73.9   0.6   1.6   1   0   0   1   1   1   1 -
ACVS39.014435__CM133331_2823_2979801_2980716_neg -          HTH_1                PF00126.33   1.2e-21   75.0   1.7   2.1e-21   74.2   1.7   1.4   1   0   0   1   1   1   1 -
ACVS39.032505__CM133331_6336_6885651_6886587_pos -          HTH_1                PF00126.33   1.2e-21   75.0   0.2   4.1e-21   73.3   0.2   2.0   1   0   0   1   1   1   1 -
ACVS39.021480__CM133331_4201_4559475_4560396_pos -          HTH_1                PF00126.33   1.4e-21   74.8   0.4   1.4e-21   74.8   0.4   1.8   2   0   0   2   2   1   1 -
ACVS39.002870__CM133331_557_637328_638237_pos    -          HTH_1                PF00126.33   1.4e-21   74.7   2.4   9.9e-21   72.0   3.4   1.9   2   0   0   2   2   1   1 -
ACVS39.008220__CM133331_1608_1704084_1704993_neg -          HTH_1                PF00126.33   1.4e-21   74.7   1.8   1.4e-21   74.7   1.8   1.9   2   0   0   2   2   1   1 -
ACVS39.010810__CM133331_2122_2253352_2254273_pos -          HTH_1                PF00126.33   1.6e-21   74.6   1.4   2.8e-21   73.8   1.4   1.4   1   0   0   1   1   1   1 -
ACVS39.021410__CM133331_4187_4541758_4542631_neg -          HTH_1                PF00126.33   1.8e-21   74.4   2.7   2.4e-21   74.0   1.9   1.7   2   0   0   2   2   1   1 -
ACVS39.009220__CM133331_1808_1926428_1927322_neg -          HTH_1                PF00126.33   1.9e-21   74.3   1.8   1.9e-21   74.3   1.8   2.0   2   0   0   2   2   1   1 -
ACVS39.007050__CM133331_1377_1469290_1470226_neg -          HTH_1                PF00126.33     2e-21   74.3   0.4   3.9e-21   73.3   0.4   1.5   1   0   0   1   1   1   1 -
ACVS39.022445__CM133331_4391_4760288_4761203_pos -          HTH_1                PF00126.33   2.1e-21   74.2   0.1     5e-21   73.0   0.1   1.7   1   0   0   1   1   1   1 -
ACVS39.006690__CM133331_1306_1394403_1395300_neg -          HTH_1                PF00126.33   2.4e-21   74.0   2.4   4.2e-21   73.2   2.4   1.4   1   0   0   1   1   1   1 -
ACVS39.024645__CM133331_4812_5202643_5203528_pos -          HTH_1                PF00126.33   2.4e-21   74.0   4.7     6e-21   72.7   3.6   2.2   2   0   0   2   2   1   1 -
ACVS39.022835__CM133331_4466_4840603_4841506_pos -          HTH_1                PF00126.33     3e-21   73.7   0.3   8.4e-21   72.3   0.3   1.8   1   0   0   1   1   1   1 -
ACVS39.006415__CM133331_1254_1337481_1338435_neg -          HTH_1                PF00126.33   3.1e-21   73.7   3.8   5.4e-21   72.9   3.8   1.4   1   0   0   1   1   1   1 -
ACVS39.012305__CM133331_2412_2570761_2571616_neg -          HTH_1                PF00126.33   3.1e-21   73.6   2.9     6e-21   72.7   2.9   1.5   1   0   0   1   1   1   1 -
ACVS39.008545__CM133331_1673_1772751_1773672_pos -          HTH_1                PF00126.33   3.2e-21   73.6   2.0   6.2e-20   69.5   0.5   2.4   2   0   0   2   2   2   1 -
ACVS39.001260__CM133331_243_263121_264054_neg    -          HTH_1                PF00126.33   3.5e-21   73.5   1.3   5.7e-21   72.8   1.3   1.3   1   0   0   1   1   1   1 -
ACVS39.000190__CM133331_35_38740_39628_pos       -          HTH_1                PF00126.33   7.7e-21   72.4   0.4   2.5e-20   70.8   0.4   1.9   1   0   0   1   1   1   1 -
ACVS39.029760__CM133331_5804_6285459_6286344_neg -          HTH_1                PF00126.33   8.4e-21   72.3   1.5   1.8e-20   71.2   1.5   1.6   1   0   0   1   1   1   1 -
ACVS39.001410__CM133331_273_294334_295255_neg    -          HTH_1                PF00126.33   8.6e-21   72.2   0.0   1.7e-20   71.3   0.0   1.6   1   0   0   1   1   1   1 -
ACVS39.015065__CM133331_2948_3143175_3144090_neg -          HTH_1                PF00126.33   9.7e-21   72.1   0.1   2.2e-20   71.0   0.1   1.6   1   0   0   1   1   1   1 -
ACVS39.018305__CM133331_3582_3879634_3880570_pos -          HTH_1                PF00126.33   9.8e-21   72.1   0.1   2.2e-20   70.9   0.1   1.7   1   0   0   1   1   1   1 -
ACVS39.022815__CM133331_4462_4836187_4837090_neg -          HTH_1                PF00126.33   1.1e-20   71.9   0.0   2.4e-20   70.8   0.0   1.6   1   0   0   1   1   1   1 -
ACVS39.011875__CM133331_2327_2485622_2486549_neg -          HTH_1                PF00126.33   1.1e-20   71.9   2.5   2.3e-20   70.9   2.5   1.6   1   0   0   1   1   1   1 -
ACVS39.004455__CM133331_863_957198_958122_neg    -          HTH_1                PF00126.33   1.3e-20   71.7   3.6   2.6e-20   70.7   3.6   1.5   1   0   0   1   1   1   1 -
ACVS39.015655__CM133331_3066_3317838_3318732_neg -          HTH_1                PF00126.33   1.3e-20   71.7   2.2   2.9e-20   70.6   2.2   1.6   1   0   0   1   1   1   1 -
ACVS39.001150__CM133331_221_239860_240799_pos    -          HTH_1                PF00126.33   1.5e-20   71.5   4.3   5.4e-20   69.7   4.0   2.0   2   0   0   2   2   1   1 -
ACVS39.012345__CM133331_2420_2579609_2580581_neg -          HTH_1                PF00126.33   1.5e-20   71.4   2.8   1.5e-20   71.4   2.8   2.5   2   0   0   2   2   2   1 -
ACVS39.005095__CM133331_991_1077132_1078008_neg  -          HTH_1                PF00126.33   1.8e-20   71.2   0.3   3.5e-20   70.3   0.3   1.5   1   0   0   1   1   1   1 -
ACVS39.004335__CM133331_839_928158_929013_neg    -          HTH_1                PF00126.33   2.1e-20   71.0   3.7   3.8e-20   70.2   2.7   1.9   2   0   0   2   2   1   1 -
ACVS39.010385__CM133331_2038_2167276_2168230_pos -          HTH_1                PF00126.33   2.3e-20   70.9   0.6   2.3e-20   70.9   0.6   2.0   2   0   0   2   2   1   1 -
ACVS39.003090__CM133331_601_683798_684725_neg    -          HTH_1                PF00126.33   2.5e-20   70.8   0.5   2.5e-20   70.8   0.5   1.8   2   0   0   2   2   1   1 -
ACVS39.013920__CM133331_2722_2870523_2871420_pos -          HTH_1                PF00126.33   2.5e-20   70.7   0.1   7.7e-20   69.2   0.1   1.9   1   0   0   1   1   1   1 -
ACVS39.023245__CM133331_4548_4923692_4924607_neg -          HTH_1                PF00126.33   2.8e-20   70.6   1.3   2.8e-20   70.6   1.3   2.2   2   0   0   2   2   1   1 -
ACVS39.032460__CM133331_6327_6873865_6874774_neg -          HTH_1                PF00126.33   3.8e-20   70.2   0.6   3.8e-20   70.2   0.6   2.1   2   0   0   2   2   1   1 -
ACVS39.022595__CM133331_4421_4786950_4787841_pos -          HTH_1                PF00126.33   4.2e-20   70.0   2.6   1.2e-19   68.6   2.6   1.8   1   0   0   1   1   1   1 -
ACVS39.005915__CM133331_1154_1226454_1227348_neg -          HTH_1                PF00126.33   4.4e-20   70.0   1.2   4.4e-20   70.0   1.2   1.9   2   0   0   2   2   1   1 -
ACVS39.017560__CM133331_3434_3707076_3708030_neg -          HTH_1                PF00126.33   5.7e-20   69.6   0.1   1.1e-19   68.7   0.1   1.5   1   0   0   1   1   1   1 -
ACVS39.000320__CM133331_60_70410_71331_neg       -          HTH_1                PF00126.33   5.8e-20   69.6   1.3   5.8e-20   69.6   1.3   2.2   2   0   0   2   2   1   1 -
ACVS39.022900__CM133331_4479_4852077_4852989_neg -          HTH_1                PF00126.33   6.6e-20   69.4   0.5   1.1e-19   68.7   0.5   1.4   1   0   0   1   1   1   1 -
ACVS39.008435__CM133331_1651_1749451_1750372_neg -          HTH_1                PF00126.33   6.8e-20   69.4   2.8   1.3e-19   68.4   2.8   1.5   1   0   0   1   1   1   1 -
ACVS39.032015__CM133331_6243_6777727_6778660_pos -          HTH_1                PF00126.33   7.8e-20   69.2   0.1   1.3e-19   68.4   0.1   1.4   1   0   0   1   1   1   1 -
ACVS39.021860__CM133331_4276_4635706_4636618_pos -          HTH_1                PF00126.33   8.1e-20   69.1   1.0   1.8e-19   68.0   1.0   1.6   1   0   0   1   1   1   1 -
ACVS39.017525__CM133331_3427_3700791_3701697_pos -          HTH_1                PF00126.33   8.2e-20   69.1   2.3   1.7e-19   68.1   2.3   1.6   1   0   0   1   1   1   1 -
ACVS39.010345__CM133331_2030_2161127_2162057_neg -          HTH_1                PF00126.33   1.1e-19   68.7   0.2   2.6e-19   67.5   0.2   1.7   1   0   0   1   1   1   1 -
ACVS39.017515__CM133331_3425_3698560_3699493_neg -          HTH_1                PF00126.33   1.4e-19   68.4   1.2   3.5e-19   67.1   1.2   1.8   1   0   0   1   1   1   1 -
ACVS39.032230__CM133331_6281_6826020_6826914_neg -          HTH_1                PF00126.33   1.5e-19   68.2   3.4   2.1e-19   67.8   1.7   2.1   2   0   0   2   2   1   1 -
ACVS39.003030__CM133331_589_672715_673666_neg    -          HTH_1                PF00126.33   1.8e-19   68.0   0.6   3.5e-19   67.1   0.6   1.5   1   0   0   1   1   1   1 -
ACVS39.014855__CM133331_2907_3078281_3079196_pos -          HTH_1                PF00126.33   2.2e-19   67.7   0.0   5.1e-19   66.6   0.0   1.7   1   0   0   1   1   1   1 -
ACVS39.031045__CM133331_6055_6561859_6562768_pos -          HTH_1                PF00126.33   4.5e-19   66.7   2.6   1.2e-18   65.4   1.2   2.3   2   0   0   2   2   1   1 -
ACVS39.013060__CM133331_2557_2700441_2701329_neg -          HTH_1                PF00126.33   5.8e-19   66.4   0.6   1.4e-18   65.2   0.6   1.7   1   0   0   1   1   1   1 -
ACVS39.024650__CM133331_4813_5203500_5204454_neg -          HTH_1                PF00126.33   8.5e-19   65.8   0.1   2.1e-18   64.6   0.1   1.7   1   0   0   1   1   1   1 -
ACVS39.009405__CM133331_1845_1963562_1964489_neg -          HTH_1                PF00126.33   8.7e-19   65.8   2.2   2.4e-18   64.4   2.2   1.8   1   0   0   1   1   1   1 -
ACVS39.024320__CM133331_4749_5130500_5131397_pos -          HTH_1                PF00126.33   1.4e-18   65.2   0.6   3.1e-18   64.0   0.6   1.6   1   0   0   1   1   1   1 -
ACVS39.020380__CM133331_3987_4326588_4327494_pos -          HTH_1                PF00126.33   1.7e-18   64.9   0.8     4e-18   63.7   0.8   1.7   1   0   0   1   1   1   1 -
ACVS39.029305__CM133331_5715_6179012_6179909_pos -          HTH_1                PF00126.33     2e-18   64.7   1.6   2.1e-18   64.6   0.3   1.8   2   0   0   2   2   1   1 -
ACVS39.014715__CM133331_2879_3050166_3051081_neg -          HTH_1                PF00126.33   3.1e-18   64.0   0.6   5.3e-18   63.3   0.6   1.4   1   0   0   1   1   1   1 -
ACVS39.022105__CM133331_4325_4685088_4685955_pos -          HTH_1                PF00126.33   3.2e-18   64.0   1.1   6.2e-18   63.1   1.1   1.5   1   0   0   1   1   1   1 -
ACVS39.015565__CM133331_3048_3297673_3298585_pos -          HTH_1                PF00126.33   3.4e-18   63.9   1.6   7.6e-18   62.8   1.6   1.7   1   0   0   1   1   1   1 -
ACVS39.001485__CM133331_288_310894_311836_pos    -          HTH_1                PF00126.33   3.8e-18   63.8   0.0   1.2e-17   62.2   0.0   1.9   1   0   0   1   1   1   1 -
ACVS39.021365__CM133331_4178_4532054_4532948_neg -          HTH_1                PF00126.33   4.5e-18   63.5   0.5   9.1e-18   62.5   0.5   1.6   1   0   0   1   1   1   1 -
ACVS39.017115__CM133331_3346_3616200_3617148_pos -          HTH_1                PF00126.33   4.6e-18   63.5   0.5   4.6e-18   63.5   0.5   1.8   2   0   0   2   2   1   1 -
ACVS39.011925__CM133331_2337_2494922_2495912_pos -          HTH_1                PF00126.33   5.3e-18   63.3   1.8   1.2e-17   62.1   1.8   1.7   1   0   0   1   1   1   1 -
ACVS39.022850__CM133331_4469_4843515_4844391_neg -          HTH_1                PF00126.33   6.5e-18   63.0   0.6   1.4e-17   61.9   0.6   1.6   1   0   0   1   1   1   1 -
ACVS39.030245__CM133331_5900_6403883_6404840_pos -          HTH_1                PF00126.33   6.6e-18   63.0   0.9   1.7e-17   61.7   0.9   1.7   1   0   0   1   1   1   1 -
ACVS39.001015__CM133331_194_207063_207981_pos    -          HTH_1                PF00126.33     7e-18   62.9   0.2     2e-17   61.5   0.1   1.9   2   0   0   2   2   1   1 -
ACVS39.030990__CM133331_6044_6550508_6551429_pos -          HTH_1                PF00126.33   7.8e-18   62.8   1.3   4.2e-17   60.4   0.8   2.2   2   0   0   2   2   2   1 -
ACVS39.014500__CM133331_2836_2995848_2996760_pos -          HTH_1                PF00126.33   9.4e-18   62.5   2.5     2e-17   61.5   2.5   1.6   1   0   0   1   1   1   1 -
ACVS39.013510__CM133331_2642_2786672_2787602_neg -          HTH_1                PF00126.33   2.5e-17   61.2   3.2     5e-17   60.2   3.2   1.6   1   0   0   1   1   1   1 -
ACVS39.015315__CM133331_2998_3237920_3238841_pos -          HTH_1                PF00126.33   2.6e-17   61.1   2.8   6.6e-17   59.8   2.8   1.7   1   0   0   1   1   1   1 -
ACVS39.025780__CM133331_5033_5456936_5457839_neg -          HTH_1                PF00126.33   4.4e-17   60.4   0.3   1.1e-16   59.1   0.3   1.7   1   0   0   1   1   1   1 -
ACVS39.009820__CM133331_1927_2050162_2051077_neg -          HTH_1                PF00126.33   5.2e-17   60.1   1.9   1.6e-16   58.5   1.9   1.9   1   0   0   1   1   1   1 -
ACVS39.015150__CM133331_2965_3172777_3173716_pos -          HTH_1                PF00126.33   6.2e-17   59.9   0.1   1.3e-16   58.8   0.1   1.6   1   0   0   1   1   1   1 -
ACVS39.007490__CM133331_1465_1567955_1568861_neg -          HTH_1                PF00126.33   1.9e-16   58.3   0.3     4e-16   57.3   0.3   1.6   1   0   0   1   1   1   1 -
ACVS39.025140__CM133331_4910_5303518_5304373_pos -          HTH_1                PF00126.33   2.2e-16   58.1   0.6   5.6e-16   56.8   0.2   1.9   1   1   1   2   2   1   1 -
ACVS39.004595__CM133331_891_988431_989322_neg    -          HTH_1                PF00126.33   2.4e-16   58.0   0.6   4.7e-16   57.1   0.6   1.5   1   0   0   1   1   1   1 -
ACVS39.014410__CM133331_2818_2974628_2975561_neg -          HTH_1                PF00126.33   4.4e-16   57.2   0.2   1.1e-15   55.8   0.0   1.9   2   0   0   2   2   1   1 -
ACVS39.019400__CM133331_3792_4128667_4129642_neg -          HTH_1                PF00126.33   7.2e-16   56.5   0.0   1.2e-15   55.7   0.0   1.4   1   0   0   1   1   1   1 -
ACVS39.002055__CM133331_394_458193_459156_pos    -          HTH_1                PF00126.33   1.8e-15   55.2   1.1   4.8e-15   53.8   0.4   2.1   2   0   0   2   2   1   1 -
ACVS39.012295__CM133331_2410_2568953_2569910_neg -          HTH_1                PF00126.33   1.4e-14   52.4   0.3   2.6e-14   51.5   0.3   1.5   1   0   0   1   1   1   1 -
ACVS39.003020__CM133331_587_671146_672073_neg    -          HTH_1                PF00126.33   1.4e-14   52.3   0.7   1.4e-14   52.3   0.7   2.0   2   0   0   2   2   1   1 -
ACVS39.012365__CM133331_2424_2584859_2585792_neg -          HTH_1                PF00126.33   1.9e-14   51.9   0.0   3.9e-14   50.9   0.0   1.6   1   0   0   1   1   1   1 -
ACVS39.001405__CM133331_272_293076_294006_neg    -          HTH_1                PF00126.33     4e-14   50.9   0.3   9.6e-14   49.7   0.3   1.7   1   0   0   1   1   1   1 -
ACVS39.001970__CM133331_377_440465_441398_neg    -          HTH_1                PF00126.33   1.5e-13   49.1   0.0   3.7e-13   47.8   0.0   1.7   1   0   0   1   1   1   1 -
ACVS39.025185__CM133331_4919_5312591_5313578_neg -          HTH_1                PF00126.33   1.7e-12   45.7   0.4   4.7e-12   44.3   0.4   1.8   1   0   0   1   1   1   1 -
ACVS39.023590__CM133331_4616_4990132_4991131_pos -          HTH_1                PF00126.33   4.5e-12   44.3   0.0   8.2e-12   43.5   0.0   1.5   1   0   0   1   1   1   1 -
ACVS39.003070__CM133331_597_681399_682158_neg    -          HTH_1                PF00126.33   7.9e-12   43.5   0.0   1.6e-11   42.5   0.0   1.6   1   0   0   1   1   1   1 -
ACVS39.016170__CM133331_3166_3410397_3411294_pos -          HTH_1                PF00126.33   9.8e-12   43.2   2.1   1.3e-11   42.9   1.0   1.8   2   0   0   2   2   1   1 -
ACVS39.018205__CM133331_3562_3858970_3859648_neg -          HTH_1                PF00126.33   3.3e-05   22.3   0.7   9.1e-05   20.9   0.7   1.8   1   0   0   1   1   1   1 -
ACVS39.006065__CM133331_1184_1256432_1256912_neg -          HTH_1                PF00126.33   0.00011   20.6   0.0   0.00028   19.3   0.0   1.7   1   1   0   1   1   1   1 -
ACVS39.017960__CM133331_3513_3805297_3805771_neg -          HTH_1                PF00126.33   0.00024   19.6   0.1   0.00054   18.4   0.1   1.6   1   1   0   1   1   1   1 -
ACVS39.003930__CM133331_762_843851_844790_pos    -          HTH_1                PF00126.33   0.00049   18.6   0.4    0.0015   17.0   0.0   2.0   2   0   0   2   2   1   1 -
ACVS39.017040__CM133331_3331_3596460_3598413_pos -          HTH_1                PF00126.33   0.00097   17.6   0.1    0.0037   15.8   0.1   2.0   1   0   0   1   1   1   1 -
ACVS39.028700__CM133331_5596_6051077_6051545_pos -          HTH_1                PF00126.33    0.0015   17.0   0.1     0.003   16.0   0.1   1.5   1   0   0   1   1   1   1 -
ACVS39.018530__CM133331_3625_3932215_3933763_pos -          HTH_1                PF00126.33     0.002   16.6   0.0    0.0084   14.6   0.0   2.1   1   0   0   1   1   1   1 -
ACVS39.022250__CM133331_4354_4722506_4723289_neg -          HTH_1                PF00126.33    0.0088   14.6   0.7      0.18   10.3   0.0   2.4   2   0   0   2   2   2   1 -
ACVS39.018730__CM133331_3663_3973865_3974420_pos -          HTH_1                PF00126.33    0.0092   14.5   1.0     0.085   11.4   0.0   2.6   2   0   0   2   2   2   1 -
ACVS39.012670__CM133331_2482_2630990_2631284_neg -          HTH_1                PF00126.33     0.011   14.3   0.0     0.018   13.6   0.0   1.4   1   0   0   1   1   1   0 -
ACVS39.023970__CM133331_4685_5059539_5060100_neg -          HTH_1                PF00126.33     0.013   14.0   0.2     0.033   12.7   0.2   1.8   1   1   0   1   1   1   0 -
ACVS39.005875__CM133331_1146_1220364_1220778_neg -          HTH_1                PF00126.33     0.035   12.6   0.5     0.057   12.0   0.5   1.3   1   0   0   1   1   1   0 -
ACVS39.023055__CM133331_4510_4881925_4883341_neg -          HTH_1                PF00126.33     0.038   12.5   0.3      0.16   10.5   0.1   2.3   2   0   0   2   2   1   0 -
ACVS39.021995__CM133331_4303_4661766_4662216_neg -          HTH_1                PF00126.33     0.061   11.9   2.8      0.06   11.9   0.6   2.3   2   1   0   2   2   1   0 -
#
# Program:         hmmsearch
# Version:         3.4 (Aug 2023)
# Pipeline mode:   SEARCH
# Query file:      /home/kcw2/data/example_run/path2/synteny_search_inputs/hmm_db/hmms/PF00126.HMM
# Target file:     /home/kcw2/data/example_run/path2/synteny_search_inputs/genome_db/GCA_053157655.2/labelled_peptides.faa
# Option settings: hmmsearch --tblout /home/kcw2/data/example_run/path2/synteny_search_outputs/results_65_67/genomes/GCA_053157655.2/hmmer_outputs/hmmer_output_PF00126.txt --cpu 47 /home/kcw2/data/example_run/path2/synteny_search_inputs/hmm_db/hmms/PF00126.HMM /home/kcw2/data/example_run/path2/synteny_search_inputs/genome_db/GCA_053157655.2/labelled_peptides.faa 
# Current dir:     /home/kcw2
# Date:            Tue Feb 10 16:21:23 2026
# [ok]
