#                                                                                          --- full sequence ---- --- best 1 domain ---- --- domain number estimation ----
# target name                                   accession  query name           accession    E-value  score  bias   E-value  score  bias   exp reg clu  ov env dom rep inc description of target
#                           ------------------- ---------- -------------------- ---------- --------- ------ ----- --------- ------ -----   --- --- --- --- --- --- --- --- ---------------------
ACFZOE.23825__CP171926_4648_5106191_5107097_neg -          HTH_1                PF00126.33   7.6e-28   94.6   0.8   1.8e-27   93.4   0.8   1.7   1   0   0   1   1   1   1 -
ACFZOE.15150__CP171926_2963_3268474_3269362_neg -          HTH_1                PF00126.33   6.8e-27   91.6   2.6   6.8e-27   91.6   2.6   2.2   2   0   0   2   2   1   1 -
ACFZOE.12770__CP171926_2493_2690960_2691833_neg -          HTH_1                PF00126.33   2.1e-25   86.8   2.8     4e-25   85.9   2.8   1.5   1   0   0   1   1   1   1 -
ACFZOE.09195__CP171926_1801_1956781_1957675_neg -          HTH_1                PF00126.33   2.7e-25   86.5   0.9   2.7e-25   86.5   0.9   1.8   2   0   0   2   2   1   1 -
ACFZOE.00160__CP171926_30_34129_35044_pos       -          HTH_1                PF00126.33   5.6e-25   85.5   1.8   9.3e-25   84.8   1.8   1.4   1   0   0   1   1   1   1 -
ACFZOE.05910__CP171926_1154_1254330_1255239_neg -          HTH_1                PF00126.33   1.3e-24   84.3   4.5   2.4e-24   83.4   0.4   3.1   3   0   0   3   3   3   1 -
ACFZOE.18215__CP171926_3565_3925893_3926754_pos -          HTH_1                PF00126.33   1.3e-24   84.3   1.4   1.3e-24   84.3   1.4   2.3   2   0   0   2   2   1   1 -
ACFZOE.00970__CP171926_191_215035_215953_neg    -          HTH_1                PF00126.33   2.4e-24   83.4   0.0   6.2e-24   82.1   0.0   1.7   1   0   0   1   1   1   1 -
ACFZOE.12835__CP171926_2506_2702854_2703733_pos -          HTH_1                PF00126.33   7.9e-24   81.8   0.5   1.9e-23   80.5   0.5   1.7   1   0   0   1   1   1   1 -
ACFZOE.25060__CP171926_4890_5362020_5362935_neg -          HTH_1                PF00126.33   8.5e-24   81.7   2.7   2.4e-23   80.2   2.7   1.8   1   0   0   1   1   1   1 -
ACFZOE.15435__CP171926_3020_3331245_3332166_pos -          HTH_1                PF00126.33   9.8e-24   81.5   1.5   9.8e-24   81.5   1.5   1.9   2   0   0   2   2   1   1 -
ACFZOE.17630__CP171926_3451_3797493_3798375_neg -          HTH_1                PF00126.33     1e-23   81.4   0.6   3.2e-23   79.8   0.6   1.9   1   0   0   1   1   1   1 -
ACFZOE.16770__CP171926_3280_3626370_3627285_pos -          HTH_1                PF00126.33   1.1e-23   81.3   2.1   2.1e-23   80.4   2.1   1.5   1   0   0   1   1   1   1 -
ACFZOE.14030__CP171926_2742_3029850_3030789_pos -          HTH_1                PF00126.33   1.4e-23   81.0   2.7   3.1e-23   79.9   2.7   1.6   1   0   0   1   1   1   1 -
ACFZOE.09185__CP171926_1799_1955320_1956232_pos -          HTH_1                PF00126.33   2.1e-23   80.5   0.4   5.4e-23   79.1   0.4   1.7   1   0   0   1   1   1   1 -
ACFZOE.06840__CP171926_1340_1462050_1462938_neg -          HTH_1                PF00126.33   2.1e-23   80.4   0.5   4.1e-23   79.5   0.5   1.5   1   0   0   1   1   1   1 -
ACFZOE.25465__CP171926_4970_5445696_5446614_neg -          HTH_1                PF00126.33   2.5e-23   80.2   3.2   5.2e-23   79.2   3.2   1.6   1   0   0   1   1   1   1 -
ACFZOE.02650__CP171926_522_576844_577723_neg    -          HTH_1                PF00126.33   3.8e-23   79.6   1.0   3.8e-23   79.6   1.0   2.4   3   0   0   3   3   2   1 -
ACFZOE.18855__CP171926_3692_4046620_4047535_pos -          HTH_1                PF00126.33   4.1e-23   79.5   1.6   1.2e-22   78.1   1.6   1.8   1   0   0   1   1   1   1 -
ACFZOE.04185__CP171926_815_897104_897995_pos    -          HTH_1                PF00126.33   4.7e-23   79.3   2.0   9.5e-23   78.3   2.0   1.5   1   0   0   1   1   1   1 -
ACFZOE.18120__CP171926_3546_3904506_3905415_pos -          HTH_1                PF00126.33   6.8e-23   78.8   2.7   2.3e-22   77.1   2.7   2.0   1   0   0   1   1   1   1 -
ACFZOE.23235__CP171926_4532_4960635_4961574_pos -          HTH_1                PF00126.33   6.8e-23   78.8   4.9   1.3e-22   77.9   4.9   1.5   1   0   0   1   1   1   1 -
ACFZOE.14305__CP171926_2797_3083121_3084033_neg -          HTH_1                PF00126.33   1.2e-22   78.1   3.8   1.9e-22   77.3   3.8   1.4   1   0   0   1   1   1   1 -
ACFZOE.00640__CP171926_125_139514_140423_neg    -          HTH_1                PF00126.33   1.4e-22   77.7   2.0   3.2e-22   76.6   2.0   1.6   1   0   0   1   1   1   1 -
ACFZOE.18625__CP171926_3646_3995466_3996396_pos -          HTH_1                PF00126.33   1.9e-22   77.4   0.6   3.7e-22   76.4   0.6   1.5   1   0   0   1   1   1   1 -
ACFZOE.13075__CP171926_2554_2769159_2770083_pos -          HTH_1                PF00126.33   2.7e-22   76.9   4.3   2.7e-22   76.9   4.3   1.9   2   0   0   2   2   1   1 -
ACFZOE.16130__CP171926_3157_3490191_3491079_pos -          HTH_1                PF00126.33   4.1e-22   76.3   1.8   4.1e-22   76.3   1.8   2.3   2   0   0   2   2   2   1 -
ACFZOE.15040__CP171926_2942_3235411_3236314_neg -          HTH_1                PF00126.33   4.6e-22   76.1   0.1   1.3e-21   74.7   0.1   1.8   1   0   0   1   1   1   1 -
ACFZOE.16160__CP171926_3163_3496203_3497067_neg -          HTH_1                PF00126.33   5.3e-22   75.9   2.0   1.4e-21   74.6   2.0   1.8   1   0   0   1   1   1   1 -
ACFZOE.06660__CP171926_1304_1425563_1426472_neg -          HTH_1                PF00126.33   5.6e-22   75.8   1.8   1.3e-21   74.7   1.8   1.6   1   0   0   1   1   1   1 -
ACFZOE.15140__CP171926_2961_3266039_3266942_neg -          HTH_1                PF00126.33   6.7e-22   75.6   3.1   6.7e-22   75.6   3.1   1.9   2   0   0   2   2   1   1 -
ACFZOE.10460__CP171926_2050_2234561_2235455_pos -          HTH_1                PF00126.33   8.5e-22   75.3   4.3     1e-21   75.0   1.6   2.4   3   0   0   3   3   1   1 -
ACFZOE.12580__CP171926_2456_2640077_2640992_neg -          HTH_1                PF00126.33     1e-21   75.0   1.7   1.9e-21   74.2   1.7   1.5   1   0   0   1   1   1   1 -
ACFZOE.00780__CP171926_153_170842_171760_pos    -          HTH_1                PF00126.33     1e-21   75.0   3.0   1.2e-21   74.8   1.2   2.0   2   0   0   2   2   1   1 -
ACFZOE.16300__CP171926_3191_3523945_3524851_pos -          HTH_1                PF00126.33     1e-21   75.0   2.2     3e-21   73.5   2.2   1.8   1   0   0   1   1   1   1 -
ACFZOE.10450__CP171926_2048_2232961_2233852_pos -          HTH_1                PF00126.33     1e-21   75.0   0.6   2.3e-21   73.9   0.6   1.6   1   0   0   1   1   1   1 -
ACFZOE.26210__CP171926_5114_5607273_5608209_pos -          HTH_1                PF00126.33   1.1e-21   75.0   0.2   3.6e-21   73.3   0.2   2.0   1   0   0   1   1   1   1 -
ACFZOE.02240__CP171926_442_493988_494897_pos    -          HTH_1                PF00126.33   1.2e-21   74.7   2.4   8.7e-21   72.0   3.4   1.9   2   0   0   2   2   1   1 -
ACFZOE.09110__CP171926_1788_1944695_1945616_pos -          HTH_1                PF00126.33   1.4e-21   74.6   1.4   2.4e-21   73.8   1.4   1.4   1   0   0   1   1   1   1 -
ACFZOE.07550__CP171926_1482_1623928_1624822_neg -          HTH_1                PF00126.33   1.7e-21   74.3   1.8   1.7e-21   74.3   1.8   2.0   2   0   0   2   2   1   1 -
ACFZOE.05900__CP171926_1152_1251972_1252908_neg -          HTH_1                PF00126.33   1.8e-21   74.3   0.4   3.4e-21   73.3   0.4   1.5   1   0   0   1   1   1   1 -
ACFZOE.05555__CP171926_1085_1184654_1185551_neg -          HTH_1                PF00126.33   2.1e-21   74.0   2.4   3.7e-21   73.2   2.4   1.4   1   0   0   1   1   1   1 -
ACFZOE.05280__CP171926_1034_1127747_1128701_neg -          HTH_1                PF00126.33   2.7e-21   73.7   3.8   4.8e-21   72.9   3.8   1.4   1   0   0   1   1   1   1 -
ACFZOE.10620__CP171926_2081_2264229_2265084_neg -          HTH_1                PF00126.33   2.7e-21   73.6   2.9   5.2e-21   72.7   2.9   1.5   1   0   0   1   1   1   1 -
ACFZOE.06985__CP171926_1369_1493672_1494593_pos -          HTH_1                PF00126.33   2.9e-21   73.6   2.0   5.5e-20   69.5   0.5   2.4   2   0   0   2   2   2   1 -
ACFZOE.00920__CP171926_181_203152_204085_neg    -          HTH_1                PF00126.33   3.1e-21   73.5   1.3     5e-21   72.8   1.3   1.3   1   0   0   1   1   1   1 -
ACFZOE.00190__CP171926_36_38707_39595_pos       -          HTH_1                PF00126.33   6.8e-21   72.4   0.4   2.2e-20   70.8   0.4   1.9   1   0   0   1   1   1   1 -
ACFZOE.23625__CP171926_4608_5052047_5052932_neg -          HTH_1                PF00126.33   7.4e-21   72.3   1.5   1.6e-20   71.2   1.5   1.6   1   0   0   1   1   1   1 -
ACFZOE.01080__CP171926_213_236511_237432_neg    -          HTH_1                PF00126.33   7.6e-21   72.2   0.0   1.5e-20   71.3   0.0   1.6   1   0   0   1   1   1   1 -
ACFZOE.10190__CP171926_1996_2179129_2180056_neg -          HTH_1                PF00126.33   9.2e-21   72.0   2.5     2e-20   70.9   2.5   1.6   1   0   0   1   1   1   1 -
ACFZOE.15625__CP171926_3057_3370850_3371786_pos -          HTH_1                PF00126.33   9.6e-21   71.9   0.2   2.2e-20   70.8   0.2   1.7   1   0   0   1   1   1   1 -
ACFZOE.13740__CP171926_2684_2962293_2963187_neg -          HTH_1                PF00126.33   1.2e-20   71.7   2.2   2.5e-20   70.6   2.2   1.6   1   0   0   1   1   1   1 -
ACFZOE.03715__CP171926_723_788260_789115_neg    -          HTH_1                PF00126.33   1.3e-20   71.5   3.8   2.3e-20   70.7   2.8   1.9   2   0   0   2   2   1   1 -
ACFZOE.00815__CP171926_160_179898_180837_pos    -          HTH_1                PF00126.33   1.3e-20   71.5   4.3   4.7e-20   69.7   4.0   2.0   2   0   0   2   2   1   1 -
ACFZOE.10660__CP171926_2089_2273076_2274048_neg -          HTH_1                PF00126.33   1.4e-20   71.4   3.1   1.4e-20   71.4   3.1   2.5   2   0   0   2   2   2   1 -
ACFZOE.03860__CP171926_752_821439_822363_neg    -          HTH_1                PF00126.33   1.9e-20   71.0   3.9   3.7e-20   70.0   3.9   1.5   1   0   0   1   1   1   1 -
ACFZOE.02465__CP171926_486_540666_541593_neg    -          HTH_1                PF00126.33   2.2e-20   70.8   0.5   2.2e-20   70.8   0.5   1.9   2   0   0   2   2   1   1 -
ACFZOE.12000__CP171926_2345_2529437_2530334_pos -          HTH_1                PF00126.33   2.2e-20   70.8   0.1   6.7e-20   69.2   0.1   1.9   1   0   0   1   1   1   1 -
ACFZOE.26165__CP171926_5105_5595488_5596397_neg -          HTH_1                PF00126.33   3.3e-20   70.2   0.6   3.3e-20   70.2   0.6   2.1   2   0   0   2   2   1   1 -
ACFZOE.04780__CP171926_934_1016855_1017749_neg  -          HTH_1                PF00126.33   3.9e-20   70.0   1.2   3.9e-20   70.0   1.2   1.8   2   0   0   2   2   1   1 -
ACFZOE.14880__CP171926_2910_3198212_3199166_neg -          HTH_1                PF00126.33     5e-20   69.6   0.1   9.9e-20   68.7   0.1   1.5   1   0   0   1   1   1   1 -
ACFZOE.00305__CP171926_58_68088_69009_neg       -          HTH_1                PF00126.33   5.1e-20   69.6   1.3   5.1e-20   69.6   1.3   2.2   2   0   0   2   2   1   1 -
ACFZOE.06875__CP171926_1347_1470927_1471848_neg -          HTH_1                PF00126.33     6e-20   69.4   2.8   1.2e-19   68.4   2.8   1.5   1   0   0   1   1   1   1 -
ACFZOE.25720__CP171926_5021_5499372_5500305_pos -          HTH_1                PF00126.33   6.9e-20   69.2   0.1   1.2e-19   68.4   0.1   1.4   1   0   0   1   1   1   1 -
ACFZOE.18200__CP171926_3562_3922785_3923697_pos -          HTH_1                PF00126.33     7e-20   69.1   1.0   1.6e-19   68.0   1.0   1.7   1   0   0   1   1   1   1 -
ACFZOE.14845__CP171926_2903_3191932_3192838_pos -          HTH_1                PF00126.33   7.1e-20   69.1   2.3   1.5e-19   68.1   2.3   1.6   1   0   0   1   1   1   1 -
ACFZOE.25935__CP171926_5059_5547663_5548557_neg -          HTH_1                PF00126.33   8.5e-20   68.9   3.1   1.8e-19   67.8   1.7   2.2   2   0   0   2   2   1   1 -
ACFZOE.08665__CP171926_1700_1852144_1853074_neg -          HTH_1                PF00126.33     1e-19   68.7   0.2   2.3e-19   67.5   0.2   1.7   1   0   0   1   1   1   1 -
ACFZOE.02405__CP171926_474_529584_530535_neg    -          HTH_1                PF00126.33   1.6e-19   68.0   0.6   3.1e-19   67.1   0.6   1.5   1   0   0   1   1   1   1 -
ACFZOE.14835__CP171926_2901_3189701_3190634_neg -          HTH_1                PF00126.33   1.9e-19   67.7   0.9     5e-19   66.4   0.9   1.8   1   0   0   1   1   1   1 -
ACFZOE.12975__CP171926_2534_2731179_2732094_pos -          HTH_1                PF00126.33   1.9e-19   67.7   0.0   4.4e-19   66.6   0.0   1.7   1   0   0   1   1   1   1 -
ACFZOE.24915__CP171926_4861_5328640_5329549_pos -          HTH_1                PF00126.33     4e-19   66.7   2.6     1e-18   65.4   1.2   2.3   2   0   0   2   2   1   1 -
ACFZOE.11110__CP171926_2174_2349679_2350567_neg -          HTH_1                PF00126.33   5.1e-19   66.4   0.6   1.2e-18   65.2   0.6   1.7   1   0   0   1   1   1   1 -
ACFZOE.07735__CP171926_1517_1661191_1662118_neg -          HTH_1                PF00126.33   7.7e-19   65.8   2.2   2.1e-18   64.4   2.2   1.8   1   0   0   1   1   1   1 -
ACFZOE.23175__CP171926_4523_4947237_4948134_pos -          HTH_1                PF00126.33   1.7e-18   64.7   1.6   1.9e-18   64.6   0.3   1.8   2   0   0   2   2   1   1 -
ACFZOE.12860__CP171926_2511_2710561_2711476_neg -          HTH_1                PF00126.33   2.7e-18   64.0   0.6   4.7e-18   63.3   0.6   1.4   1   0   0   1   1   1   1 -
ACFZOE.13650__CP171926_2666_2941346_2942258_pos -          HTH_1                PF00126.33     3e-18   63.9   1.6   6.7e-18   62.8   1.6   1.7   1   0   0   1   1   1   1 -
ACFZOE.01155__CP171926_228_253118_254060_pos    -          HTH_1                PF00126.33   3.3e-18   63.8   0.0   1.1e-17   62.2   0.0   1.9   1   0   0   1   1   1   1 -
ACFZOE.14375__CP171926_2811_3100374_3101322_pos -          HTH_1                PF00126.33   4.1e-18   63.5   0.5   4.1e-18   63.5   0.5   1.8   2   0   0   2   2   1   1 -
ACFZOE.24370__CP171926_4756_5209904_5210861_pos -          HTH_1                PF00126.33   5.8e-18   63.0   0.9   1.5e-17   61.7   0.9   1.7   1   0   0   1   1   1   1 -
ACFZOE.24860__CP171926_4850_5317289_5318171_pos -          HTH_1                PF00126.33   5.9e-18   63.0   1.3   3.4e-17   60.5   0.8   2.3   2   0   0   2   2   2   1 -
ACFZOE.00690__CP171926_135_148061_148979_pos    -          HTH_1                PF00126.33   6.2e-18   62.9   0.2   1.7e-17   61.5   0.1   1.9   2   0   0   2   2   1   1 -
ACFZOE.12645__CP171926_2469_2656169_2657081_pos -          HTH_1                PF00126.33   8.3e-18   62.5   2.5   1.7e-17   61.5   2.5   1.6   1   0   0   1   1   1   1 -
ACFZOE.10240__CP171926_2006_2188429_2189419_pos -          HTH_1                PF00126.33   1.2e-17   62.0   1.4   2.8e-17   60.8   1.4   1.7   1   0   0   1   1   1   1 -
ACFZOE.18990__CP171926_3718_4066583_4067438_pos -          HTH_1                PF00126.33   1.2e-17   62.0   0.3   2.4e-17   61.0   0.3   1.6   1   0   0   1   1   1   1 -
ACFZOE.11580__CP171926_2265_2444213_2445143_neg -          HTH_1                PF00126.33   2.2e-17   61.2   3.2   4.4e-17   60.2   3.2   1.6   1   0   0   1   1   1   1 -
ACFZOE.13400__CP171926_2617_2881565_2882486_pos -          HTH_1                PF00126.33   2.2e-17   61.2   2.8   5.8e-17   59.8   2.8   1.8   1   0   0   1   1   1   1 -
ACFZOE.19645__CP171926_3844_4225313_4226216_neg -          HTH_1                PF00126.33   3.9e-17   60.4   0.3   9.9e-17   59.1   0.3   1.8   1   0   0   1   1   1   1 -
ACFZOE.08125__CP171926_1594_1741274_1742189_neg -          HTH_1                PF00126.33   4.5e-17   60.1   1.9   1.4e-16   58.5   1.9   1.9   1   0   0   1   1   1   1 -
ACFZOE.13235__CP171926_2585_2817922_2818861_pos -          HTH_1                PF00126.33   5.4e-17   59.9   0.1   1.2e-16   58.8   0.1   1.6   1   0   0   1   1   1   1 -
ACFZOE.06255__CP171926_1223_1334505_1335411_neg -          HTH_1                PF00126.33   1.7e-16   58.3   0.3   3.6e-16   57.3   0.3   1.6   1   0   0   1   1   1   1 -
ACFZOE.04005__CP171926_779_852273_853164_neg    -          HTH_1                PF00126.33   2.1e-16   58.0   0.6   4.1e-16   57.1   0.6   1.5   1   0   0   1   1   1   1 -
ACFZOE.12555__CP171926_2451_2634904_2635837_neg -          HTH_1                PF00126.33   3.9e-16   57.2   0.2     1e-15   55.8   0.0   1.9   2   0   0   2   2   1   1 -
ACFZOE.16690__CP171926_3264_3614657_3615632_neg -          HTH_1                PF00126.33   6.4e-16   56.5   0.0   1.1e-15   55.7   0.0   1.4   1   0   0   1   1   1   1 -
ACFZOE.01430__CP171926_280_315201_316164_pos    -          HTH_1                PF00126.33   1.7e-15   55.1   1.7   4.2e-15   53.8   0.4   2.2   2   0   0   2   2   2   1 -
ACFZOE.10610__CP171926_2079_2262421_2263378_neg -          HTH_1                PF00126.33   8.4e-15   52.9   0.3   1.6e-14   52.0   0.3   1.5   1   0   0   1   1   1   1 -
ACFZOE.10680__CP171926_2093_2278326_2279286_neg -          HTH_1                PF00126.33   1.1e-14   52.4   0.0   2.3e-14   51.5   0.0   1.5   1   0   0   1   1   1   1 -
ACFZOE.02395__CP171926_472_528015_528942_neg    -          HTH_1                PF00126.33   1.3e-14   52.3   0.7   1.3e-14   52.3   0.7   2.0   2   0   0   2   2   1   1 -
ACFZOE.01075__CP171926_212_235235_236165_neg    -          HTH_1                PF00126.33   3.6e-14   50.9   0.3   8.4e-14   49.7   0.3   1.7   1   0   0   1   1   1   1 -
ACFZOE.01345__CP171926_264_297461_298394_neg    -          HTH_1                PF00126.33   2.3e-13   48.3   0.0   5.7e-13   47.0   0.0   1.7   1   0   0   1   1   1   1 -
ACFZOE.19035__CP171926_3727_4075656_4076643_neg -          HTH_1                PF00126.33   1.5e-12   45.6   0.4   4.1e-12   44.3   0.4   1.8   1   0   0   1   1   1   1 -
ACFZOE.02445__CP171926_482_538267_539026_neg    -          HTH_1                PF00126.33     7e-12   43.5   0.0   1.5e-11   42.5   0.0   1.6   1   0   0   1   1   1   1 -
ACFZOE.13985__CP171926_2733_3019131_3020028_pos -          HTH_1                PF00126.33   8.7e-12   43.2   2.1   1.1e-11   42.9   1.0   1.8   2   0   0   2   2   1   1 -
ACFZOE.04930__CP171926_964_1046828_1047338_neg  -          HTH_1                PF00126.33   0.00011   20.5   0.0   0.00028   19.2   0.0   1.7   1   1   0   1   1   1   1 -
ACFZOE.15280__CP171926_2989_3296389_3296863_neg -          HTH_1                PF00126.33   0.00021   19.6   0.1   0.00043   18.6   0.1   1.6   1   1   0   1   1   1   1 -
ACFZOE.03310__CP171926_646_703903_704842_pos    -          HTH_1                PF00126.33   0.00043   18.6   0.4    0.0014   17.0   0.0   2.0   2   0   0   2   2   1   1 -
ACFZOE.22475__CP171926_4385_4805029_4805497_pos -          HTH_1                PF00126.33    0.0013   17.0   0.1    0.0027   16.0   0.1   1.5   1   0   0   1   1   1   1 -
ACFZOE.15835__CP171926_3098_3418559_3420107_pos -          HTH_1                PF00126.33    0.0014   16.9   0.1     0.006   14.9   0.1   2.1   1   0   0   1   1   1   1 -
ACFZOE.16025__CP171926_3136_3459350_3459905_pos -          HTH_1                PF00126.33    0.0081   14.5   1.0     0.075   11.4   0.0   2.6   2   0   0   2   2   2   1 -
#
# Program:         hmmsearch
# Version:         3.4 (Aug 2023)
# Pipeline mode:   SEARCH
# Query file:      /home/kcw2/data/example_run/path2/synteny_search_inputs/hmm_db/hmms/PF00126.HMM
# Target file:     /home/kcw2/data/example_run/path2/synteny_search_inputs/genome_db/GCA_053360855.1/labelled_peptides.faa
# Option settings: hmmsearch --tblout /home/kcw2/data/example_run/path2/synteny_search_outputs/results_65_66_67/genomes/GCA_053360855.1/hmmer_outputs/hmmer_output_PF00126.txt --cpu 47 /home/kcw2/data/example_run/path2/synteny_search_inputs/hmm_db/hmms/PF00126.HMM /home/kcw2/data/example_run/path2/synteny_search_inputs/genome_db/GCA_053360855.1/labelled_peptides.faa 
# Current dir:     /home/kcw2
# Date:            Tue Feb 10 16:21:18 2026
# [ok]
